######################## H3 ########################

#sum_J KL = 43

#bigrassmannians: 43

bigrassmannians = [[3], [2], [3, 2], [2, 3], [3, 2, 3], [2, 3, 2], [3, 2, 3, 2], [2, 3, 2, 3], [1], [2, 1], [3, 2, 1], [2, 3, 2, 1], [3, 2, 3, 2, 1], [1, 2], [2, 3, 1, 2], [3, 2, 3, 1, 2], [2, 3, 2, 3, 1, 2], [1, 2, 3], [2, 3, 1, 2, 3], [3, 2, 3, 1, 2, 3], [2, 3, 2, 3, 1, 2, 3], [1, 2, 3, 2], [2, 3, 1, 2, 3, 2], [3, 2, 3, 1, 2, 3, 2], [2, 3, 2, 1, 2, 3, 2], [3, 2, 3, 2, 1, 2, 3, 2], [2, 3, 2, 3, 1, 2, 3, 2], [1, 2, 3, 2, 3], [2, 3, 2, 1, 2, 3, 2, 3], [3, 2, 3, 2, 1, 2, 3, 2, 3], [1, 2, 3, 2, 1], [2, 3, 1, 2, 3, 2, 1], [3, 2, 3, 1, 2, 3, 2, 1], [2, 3, 2, 3, 1, 2, 3, 2, 1], [1, 2, 3, 2, 3, 1, 2], [2, 3, 2, 1, 2, 3, 2, 3, 1, 2], [3, 2, 3, 2, 1, 2, 3, 2, 3, 1, 2], [1, 2, 3, 2, 3, 1, 2, 3], [2, 3, 2, 1, 2, 3, 2, 3, 1, 2, 3], [3, 2, 3, 2, 1, 2, 3, 2, 3, 1, 2, 3], [1, 2, 3, 2, 3, 1, 2, 3, 2], [2, 3, 2, 3, 1, 2, 3, 2, 3, 1, 2, 3, 2], [1, 2, 3, 2, 3, 1, 2, 3, 2, 1]]

#join_irreducibles = dissectors: 42

join_irreducibles = [[3], [2], [1], [2, 3], [3, 2], [2, 3, 2], [3, 2, 3], [2, 3, 2, 3], [3, 2, 3, 2], [1, 2], [2, 1], [3, 2, 1], [1, 2, 3], [2, 3, 2, 1], [3, 2, 3, 2, 1], [1, 2, 3, 2], [2, 3, 2, 3, 1, 2], [1, 2, 3, 2, 3], [3, 2, 3, 1, 2, 3], [1, 2, 3, 2, 1], [2, 3, 2, 3, 1, 2, 3], [2, 3, 1, 2, 3, 2], [3, 2, 3, 1, 2, 3, 2], [2, 3, 2, 3, 1, 2, 3, 2], [2, 3, 1, 2], [3, 2, 3, 1, 2], [3, 2, 3, 2, 1, 2, 3, 2], [1, 2, 3, 2, 3, 1, 2], [2, 3, 1, 2, 3], [2, 3, 1, 2, 3, 2, 1], [3, 2, 3, 2, 1, 2, 3, 2, 3], [3, 2, 3, 1, 2, 3, 2, 1], [1, 2, 3, 2, 3, 1, 2, 3], [2, 3, 2, 3, 1, 2, 3, 2, 1], [1, 2, 3, 2, 3, 1, 2, 3, 2], [3, 2, 3, 2, 1, 2, 3, 2, 3, 1, 2], [2, 3, 2, 1, 2, 3, 2, 3], [2, 3, 2, 1, 2, 3, 2, 3, 1, 2, 3], [3, 2, 3, 2, 1, 2, 3, 2, 3, 1, 2, 3], [1, 2, 3, 2, 3, 1, 2, 3, 2, 1], [2, 3, 2, 1, 2, 3, 2, 3, 1, 2], [2, 3, 2, 3, 1, 2, 3, 2, 3, 1, 2, 3, 2]]
dissectors = [x for x in join_irreducibles]


######################## H4 ########################

#sum_J KL = 476

#bigrassmannians: 756

bigrassmannians = [[4], [3], [4, 3], [3, 4], [4, 3, 4], [3, 4, 3], [4, 3, 4, 3], [3, 4, 3, 4], [2], [3, 2], [4, 3, 2], [3, 4, 3, 2], [4, 3, 4, 3, 2], [2, 3], [3, 4, 2, 3], [4, 3, 4, 2, 3], [3, 4, 3, 4, 2, 3], [2, 3, 4], [3, 4, 2, 3, 4], [4, 3, 4, 2, 3, 4], [3, 4, 3, 4, 2, 3, 4], [2, 3, 4, 3], [3, 4, 2, 3, 4, 3], [4, 3, 4, 2, 3, 4, 3], [3, 4, 3, 2, 3, 4, 3], [4, 3, 4, 3, 2, 3, 4, 3], [3, 4, 3, 4, 2, 3, 4, 3], [2, 3, 4, 3, 4], [3, 4, 3, 2, 3, 4, 3, 4], [4, 3, 4, 3, 2, 3, 4, 3, 4], [2, 3, 4, 3, 2], [3, 4, 2, 3, 4, 3, 2], [4, 3, 4, 2, 3, 4, 3, 2], [3, 4, 3, 4, 2, 3, 4, 3, 2], [2, 3, 4, 3, 4, 2, 3], [3, 4, 3, 2, 3, 4, 3, 4, 2, 3], [4, 3, 4, 3, 2, 3, 4, 3, 4, 2, 3], [2, 3, 4, 3, 4, 2, 3, 4], [3, 4, 3, 2, 3, 4, 3, 4, 2, 3, 4], [4, 3, 4, 3, 2, 3, 4, 3, 4, 2, 3, 4], [2, 3, 4, 3, 4, 2, 3, 4, 3], [3, 4, 3, 4, 2, 3, 4, 3, 4, 2, 3, 4, 3], [2, 3, 4, 3, 4, 2, 3, 4, 3, 2], [1], [2, 1], [3, 2, 1], [4, 3, 2, 1], [3, 4, 3, 2, 1], [4, 3, 4, 3, 2, 1], [2, 3, 4, 3, 2, 1], [3, 4, 2, 3, 4, 3, 2, 1], [4, 3, 4, 2, 3, 4, 3, 2, 1], [3, 4, 3, 4, 2, 3, 4, 3, 2, 1], [2, 3, 4, 3, 4, 2, 3, 4, 3, 2, 1], [1, 2], [2, 3, 1, 2], [3, 4, 2, 3, 1, 2], [4, 3, 4, 2, 3, 1, 2], [3, 4, 3, 4, 2, 3, 1, 2], [2, 3, 4, 3, 1, 2], [3, 4, 2, 3, 4, 3, 1, 2], [4, 3, 4, 2, 3, 4, 3, 1, 2], [3, 4, 3, 2, 3, 4, 3, 1, 2], [4, 3, 4, 3, 2, 3, 4, 3, 1, 2], [3, 4, 3, 4, 2, 3, 4, 3, 1, 2], [2, 3, 4, 3, 4, 2, 3, 1, 2], [3, 4, 3, 2, 3, 4, 3, 4, 2, 3, 1, 2], [4, 3, 4, 3, 2, 3, 4, 3, 4, 2, 3, 1, 2], [2, 3, 4, 3, 4, 2, 3, 4, 3, 1, 2], [3, 4, 3, 4, 2, 3, 4, 3, 4, 2, 3, 4, 3, 1, 2], [1, 2, 3], [2, 3, 4, 1, 2, 3], [3, 4, 2, 3, 4, 1, 2, 3], [4, 3, 4, 2, 3, 4, 1, 2, 3], [3, 4, 3, 4, 2, 3, 4, 1, 2, 3], [2, 3, 4, 3, 4, 1, 2, 3], [3, 4, 3, 2, 3, 4, 3, 4, 1, 2, 3], [4, 3, 4, 3, 2, 3, 4, 3, 4, 1, 2, 3], [2, 3, 4, 3, 4, 2, 3, 4, 1, 2, 3], [3, 4, 3, 2, 3, 4, 3, 4, 2, 3, 4, 1, 2, 3], [4, 3, 4, 3, 2, 3, 4, 3, 4, 2, 3, 4, 1, 2, 3], [1, 2, 3, 4], [2, 3, 4, 1, 2, 3, 4], [3, 4, 2, 3, 4, 1, 2, 3, 4], [4, 3, 4, 2, 3, 4, 1, 2, 3, 4], [3, 4, 3, 4, 2, 3, 4, 1, 2, 3, 4], [2, 3, 4, 3, 4, 1, 2, 3, 4], [3, 4, 3, 2, 3, 4, 3, 4, 1, 2, 3, 4], [4, 3, 4, 3, 2, 3, 4, 3, 4, 1, 2, 3, 4], [2, 3, 4, 3, 4, 2, 3, 4, 1, 2, 3, 4], [3, 4, 3, 2, 3, 4, 3, 4, 2, 3, 4, 1, 2, 3, 4], [4, 3, 4, 3, 2, 3, 4, 3, 4, 2, 3, 4, 1, 2, 3, 4], [1, 2, 3, 4, 3], [2, 3, 4, 1, 2, 3, 4, 3], [3, 4, 2, 3, 4, 1, 2, 3, 4, 3], [4, 3, 4, 2, 3, 4, 1, 2, 3, 4, 3], [3, 4, 3, 4, 2, 3, 4, 1, 2, 3, 4, 3], [2, 3, 4, 3, 1, 2, 3, 4, 3], [3, 4, 2, 3, 4, 3, 1, 2, 3, 4, 3], [4, 3, 4, 2, 3, 4, 3, 1, 2, 3, 4, 3], [3, 4, 3, 2, 3, 4, 3, 1, 2, 3, 4, 3], [4, 3, 4, 3, 2, 3, 4, 3, 1, 2, 3, 4, 3], [3, 4, 3, 4, 2, 3, 4, 3, 1, 2, 3, 4, 3], [2, 3, 4, 3, 4, 1, 2, 3, 4, 3], [3, 4, 3, 2, 3, 4, 3, 4, 1, 2, 3, 4, 3], [4, 3, 4, 3, 2, 3, 4, 3, 4, 1, 2, 3, 4, 3], [3, 4, 3, 4, 2, 3, 4, 3, 4, 1, 2, 3, 4, 3], [2, 3, 4, 3, 4, 2, 3, 1, 2, 3, 4, 3], [3, 4, 3, 2, 3, 4, 3, 4, 2, 3, 1, 2, 3, 4, 3], [4, 3, 4, 3, 2, 3, 4, 3, 4, 2, 3, 1, 2, 3, 4, 3], [2, 3, 4, 3, 4, 2, 3, 4, 1, 2, 3, 4, 3], [3, 4, 3, 2, 3, 4, 3, 4, 2, 3, 4, 1, 2, 3, 4, 3], [4, 3, 4, 3, 2, 3, 4, 3, 4, 2, 3, 4, 1, 2, 3, 4, 3], [2, 3, 4, 3, 4, 2, 3, 4, 3, 1, 2, 3, 4, 3], [3, 4, 3, 4, 2, 3, 4, 3, 4, 2, 3, 4, 3, 1, 2, 3, 4, 3], [1, 2, 3, 4, 3, 4], [2, 3, 4, 3, 1, 2, 3, 4, 3, 4], [3, 4, 2, 3, 4, 3, 1, 2, 3, 4, 3, 4], [4, 3, 4, 2, 3, 4, 3, 1, 2, 3, 4, 3, 4], [3, 4, 3, 2, 3, 4, 3, 1, 2, 3, 4, 3, 4], [4, 3, 4, 3, 2, 3, 4, 3, 1, 2, 3, 4, 3, 4], [3, 4, 3, 4, 2, 3, 4, 3, 1, 2, 3, 4, 3, 4], [2, 3, 4, 3, 4, 2, 3, 1, 2, 3, 4, 3, 4], [3, 4, 3, 2, 3, 4, 3, 4, 2, 3, 1, 2, 3, 4, 3, 4], [4, 3, 4, 3, 2, 3, 4, 3, 4, 2, 3, 1, 2, 3, 4, 3, 4], [2, 3, 4, 3, 4, 2, 3, 4, 3, 1, 2, 3, 4, 3, 4], [3, 4, 3, 4, 2, 3, 4, 3, 4, 2, 3, 4, 3, 1, 2, 3, 4, 3, 4], [1, 2, 3, 4, 3, 2], [2, 3, 4, 1, 2, 3, 4, 3, 2], [3, 4, 2, 3, 4, 1, 2, 3, 4, 3, 2], [4, 3, 4, 2, 3, 4, 1, 2, 3, 4, 3, 2], [3, 4, 3, 2, 3, 4, 1, 2, 3, 4, 3, 2], [4, 3, 4, 3, 2, 3, 4, 1, 2, 3, 4, 3, 2], [3, 4, 3, 4, 2, 3, 4, 1, 2, 3, 4, 3, 2], [2, 3, 4, 3, 4, 1, 2, 3, 4, 3, 2], [3, 4, 3, 2, 3, 4, 3, 4, 1, 2, 3, 4, 3, 2], [4, 3, 4, 3, 2, 3, 4, 3, 4, 1, 2, 3, 4, 3, 2], [2, 3, 4, 3, 2, 1, 2, 3, 4, 3, 2], [3, 4, 2, 3, 4, 3, 2, 1, 2, 3, 4, 3, 2], [4, 3, 4, 2, 3, 4, 3, 2, 1, 2, 3, 4, 3, 2], [3, 4, 3, 4, 2, 3, 4, 3, 2, 1, 2, 3, 4, 3, 2], [2, 3, 4, 3, 4, 2, 1, 2, 3, 4, 3, 2], [3, 4, 3, 2, 3, 4, 3, 4, 2, 1, 2, 3, 4, 3, 2], [4, 3, 4, 3, 2, 3, 4, 3, 4, 2, 1, 2, 3, 4, 3, 2], [3, 4, 3, 4, 2, 3, 4, 3, 4, 2, 1, 2, 3, 4, 3, 2], [2, 3, 4, 3, 4, 2, 3, 4, 1, 2, 3, 4, 3, 2], [3, 4, 3, 2, 3, 4, 3, 4, 2, 3, 4, 1, 2, 3, 4, 3, 2], [4, 3, 4, 3, 2, 3, 4, 3, 4, 2, 3, 4, 1, 2, 3, 4, 3, 2], [3, 4, 3, 4, 2, 3, 4, 3, 4, 2, 3, 4, 1, 2, 3, 4, 3, 2], [2, 3, 4, 3, 4, 2, 3, 4, 3, 2, 1, 2, 3, 4, 3, 2], [1, 2, 3, 4, 3, 4, 2, 3], [2, 3, 4, 3, 1, 2, 3, 4, 3, 4, 2, 3], [3, 4, 2, 3, 4, 3, 1, 2, 3, 4, 3, 4, 2, 3], [4, 3, 4, 2, 3, 4, 3, 1, 2, 3, 4, 3, 4, 2, 3], [3, 4, 3, 2, 3, 4, 3, 1, 2, 3, 4, 3, 4, 2, 3], [4, 3, 4, 3, 2, 3, 4, 3, 1, 2, 3, 4, 3, 4, 2, 3], [3, 4, 3, 4, 2, 3, 4, 3, 1, 2, 3, 4, 3, 4, 2, 3], [2, 3, 4, 3, 2, 1, 2, 3, 4, 3, 4, 2, 3], [3, 4, 2, 3, 4, 3, 2, 1, 2, 3, 4, 3, 4, 2, 3], [4, 3, 4, 2, 3, 4, 3, 2, 1, 2, 3, 4, 3, 4, 2, 3], [3, 4, 3, 2, 3, 4, 3, 2, 1, 2, 3, 4, 3, 4, 2, 3], [4, 3, 4, 3, 2, 3, 4, 3, 2, 1, 2, 3, 4, 3, 4, 2, 3], [3, 4, 3, 4, 2, 3, 4, 3, 2, 1, 2, 3, 4, 3, 4, 2, 3], [2, 3, 4, 3, 4, 2, 3, 1, 2, 3, 4, 3, 4, 2, 3], [3, 4, 3, 2, 3, 4, 3, 4, 2, 3, 1, 2, 3, 4, 3, 4, 2, 3], [4, 3, 4, 3, 2, 3, 4, 3, 4, 2, 3, 1, 2, 3, 4, 3, 4, 2, 3], [3, 4, 3, 4, 2, 3, 4, 3, 4, 2, 3, 1, 2, 3, 4, 3, 4, 2, 3], [2, 3, 4, 3, 4, 2, 3, 4, 3, 1, 2, 3, 4, 3, 4, 2, 3], [3, 4, 3, 4, 2, 3, 4, 3, 4, 2, 3, 4, 3, 1, 2, 3, 4, 3, 4, 2, 3], [2, 3, 4, 3, 4, 2, 3, 4, 3, 2, 1, 2, 3, 4, 3, 4, 2, 3], [1, 2, 3, 4, 3, 4, 2, 3, 4], [2, 3, 4, 3, 1, 2, 3, 4, 3, 4, 2, 3, 4], [3, 4, 2, 3, 4, 3, 1, 2, 3, 4, 3, 4, 2, 3, 4], [4, 3, 4, 2, 3, 4, 3, 1, 2, 3, 4, 3, 4, 2, 3, 4], [3, 4, 3, 2, 3, 4, 3, 1, 2, 3, 4, 3, 4, 2, 3, 4], [4, 3, 4, 3, 2, 3, 4, 3, 1, 2, 3, 4, 3, 4, 2, 3, 4], [3, 4, 3, 4, 2, 3, 4, 3, 1, 2, 3, 4, 3, 4, 2, 3, 4], [2, 3, 4, 3, 2, 1, 2, 3, 4, 3, 4, 2, 3, 4], [3, 4, 2, 3, 4, 3, 2, 1, 2, 3, 4, 3, 4, 2, 3, 4], [4, 3, 4, 2, 3, 4, 3, 2, 1, 2, 3, 4, 3, 4, 2, 3, 4], [3, 4, 3, 2, 3, 4, 3, 2, 1, 2, 3, 4, 3, 4, 2, 3, 4], [4, 3, 4, 3, 2, 3, 4, 3, 2, 1, 2, 3, 4, 3, 4, 2, 3, 4], [3, 4, 3, 4, 2, 3, 4, 3, 2, 1, 2, 3, 4, 3, 4, 2, 3, 4], [2, 3, 4, 3, 4, 2, 3, 1, 2, 3, 4, 3, 4, 2, 3, 4], [3, 4, 3, 2, 3, 4, 3, 4, 2, 3, 1, 2, 3, 4, 3, 4, 2, 3, 4], [4, 3, 4, 3, 2, 3, 4, 3, 4, 2, 3, 1, 2, 3, 4, 3, 4, 2, 3, 4], [3, 4, 3, 4, 2, 3, 4, 3, 4, 2, 3, 1, 2, 3, 4, 3, 4, 2, 3, 4], [2, 3, 4, 3, 4, 2, 3, 4, 3, 1, 2, 3, 4, 3, 4, 2, 3, 4], [3, 4, 3, 4, 2, 3, 4, 3, 4, 2, 3, 4, 3, 1, 2, 3, 4, 3, 4, 2, 3, 4], [2, 3, 4, 3, 4, 2, 3, 4, 3, 2, 1, 2, 3, 4, 3, 4, 2, 3, 4], [1, 2, 3, 4, 3, 4, 2, 3, 4, 3], [2, 3, 4, 3, 4, 1, 2, 3, 4, 3, 4, 2, 3, 4, 3], [3, 4, 3, 2, 3, 4, 3, 4, 1, 2, 3, 4, 3, 4, 2, 3, 4, 3], [4, 3, 4, 3, 2, 3, 4, 3, 4, 1, 2, 3, 4, 3, 4, 2, 3, 4, 3], [2, 3, 4, 3, 2, 1, 2, 3, 4, 3, 4, 2, 3, 4, 3], [3, 4, 2, 3, 4, 3, 2, 1, 2, 3, 4, 3, 4, 2, 3, 4, 3], [4, 3, 4, 2, 3, 4, 3, 2, 1, 2, 3, 4, 3, 4, 2, 3, 4, 3], [3, 4, 3, 4, 2, 3, 4, 3, 2, 1, 2, 3, 4, 3, 4, 2, 3, 4, 3], [2, 3, 4, 3, 4, 2, 1, 2, 3, 4, 3, 4, 2, 3, 4, 3], [3, 4, 3, 2, 3, 4, 3, 4, 2, 1, 2, 3, 4, 3, 4, 2, 3, 4, 3], [4, 3, 4, 3, 2, 3, 4, 3, 4, 2, 1, 2, 3, 4, 3, 4, 2, 3, 4, 3], [3, 4, 3, 4, 2, 3, 4, 3, 4, 2, 1, 2, 3, 4, 3, 4, 2, 3, 4, 3], [2, 3, 4, 3, 4, 2, 3, 4, 1, 2, 3, 4, 3, 4, 2, 3, 4, 3], [3, 4, 3, 2, 3, 4, 3, 4, 2, 3, 4, 1, 2, 3, 4, 3, 4, 2, 3, 4, 3], [4, 3, 4, 3, 2, 3, 4, 3, 4, 2, 3, 4, 1, 2, 3, 4, 3, 4, 2, 3, 4, 3], [3, 4, 3, 4, 2, 3, 4, 3, 4, 2, 3, 4, 1, 2, 3, 4, 3, 4, 2, 3, 4, 3], [2, 3, 4, 3, 4, 2, 3, 4, 3, 2, 1, 2, 3, 4, 3, 4, 2, 3, 4, 3], [1, 2, 3, 4, 3, 4, 2, 3, 4, 3, 2], [2, 3, 4, 3, 2, 1, 2, 3, 4, 3, 4, 2, 3, 4, 3, 2], [3, 4, 2, 3, 4, 3, 2, 1, 2, 3, 4, 3, 4, 2, 3, 4, 3, 2], [4, 3, 4, 2, 3, 4, 3, 2, 1, 2, 3, 4, 3, 4, 2, 3, 4, 3, 2], [3, 4, 3, 4, 2, 3, 4, 3, 2, 1, 2, 3, 4, 3, 4, 2, 3, 4, 3, 2], [2, 3, 4, 3, 4, 2, 3, 4, 3, 2, 1, 2, 3, 4, 3, 4, 2, 3, 4, 3, 2], [1, 2, 3, 4, 3, 2, 1], [2, 3, 4, 1, 2, 3, 4, 3, 2, 1], [3, 4, 2, 3, 4, 1, 2, 3, 4, 3, 2, 1], [4, 3, 4, 2, 3, 4, 1, 2, 3, 4, 3, 2, 1], [3, 4, 3, 4, 2, 3, 4, 1, 2, 3, 4, 3, 2, 1], [2, 3, 4, 3, 4, 1, 2, 3, 4, 3, 2, 1], [3, 4, 3, 2, 3, 4, 3, 4, 1, 2, 3, 4, 3, 2, 1], [4, 3, 4, 3, 2, 3, 4, 3, 4, 1, 2, 3, 4, 3, 2, 1], [2, 3, 4, 3, 4, 2, 3, 4, 1, 2, 3, 4, 3, 2, 1], [3, 4, 3, 2, 3, 4, 3, 4, 2, 3, 4, 1, 2, 3, 4, 3, 2, 1], [4, 3, 4, 3, 2, 3, 4, 3, 4, 2, 3, 4, 1, 2, 3, 4, 3, 2, 1], [1, 2, 3, 4, 3, 4, 2, 3, 4, 3, 2, 1], [2, 3, 4, 3, 2, 1, 2, 3, 4, 3, 4, 2, 3, 4, 3, 2, 1], [3, 4, 2, 3, 4, 3, 2, 1, 2, 3, 4, 3, 4, 2, 3, 4, 3, 2, 1], [4, 3, 4, 2, 3, 4, 3, 2, 1, 2, 3, 4, 3, 4, 2, 3, 4, 3, 2, 1], [3, 4, 3, 4, 2, 3, 4, 3, 2, 1, 2, 3, 4, 3, 4, 2, 3, 4, 3, 2, 1], [2, 3, 4, 3, 4, 2, 3, 4, 3, 2, 1, 2, 3, 4, 3, 4, 2, 3, 4, 3, 2, 1], [1, 2, 3, 4, 3, 4, 2, 3, 1, 2], [2, 3, 4, 3, 1, 2, 3, 4, 3, 4, 2, 3, 1, 2], [3, 4, 2, 3, 4, 3, 1, 2, 3, 4, 3, 4, 2, 3, 1, 2], [4, 3, 4, 2, 3, 4, 3, 1, 2, 3, 4, 3, 4, 2, 3, 1, 2], [3, 4, 3, 2, 3, 4, 3, 1, 2, 3, 4, 3, 4, 2, 3, 1, 2], [4, 3, 4, 3, 2, 3, 4, 3, 1, 2, 3, 4, 3, 4, 2, 3, 1, 2], [3, 4, 3, 4, 2, 3, 4, 3, 1, 2, 3, 4, 3, 4, 2, 3, 1, 2], [2, 3, 4, 3, 4, 2, 3, 1, 2, 3, 4, 3, 4, 2, 3, 1, 2], [3, 4, 3, 2, 3, 4, 3, 4, 2, 3, 1, 2, 3, 4, 3, 4, 2, 3, 1, 2], [4, 3, 4, 3, 2, 3, 4, 3, 4, 2, 3, 1, 2, 3, 4, 3, 4, 2, 3, 1, 2], [2, 3, 4, 3, 4, 2, 3, 4, 3, 1, 2, 3, 4, 3, 4, 2, 3, 1, 2], [3, 4, 3, 4, 2, 3, 4, 3, 4, 2, 3, 4, 3, 1, 2, 3, 4, 3, 4, 2, 3, 1, 2], [1, 2, 3, 4, 3, 4, 2, 3, 4, 3, 1, 2], [2, 3, 4, 3, 4, 1, 2, 3, 4, 3, 4, 2, 3, 4, 3, 1, 2], [3, 4, 3, 2, 3, 4, 3, 4, 1, 2, 3, 4, 3, 4, 2, 3, 4, 3, 1, 2], [4, 3, 4, 3, 2, 3, 4, 3, 4, 1, 2, 3, 4, 3, 4, 2, 3, 4, 3, 1, 2], [2, 3, 4, 3, 2, 1, 2, 3, 4, 3, 4, 2, 3, 4, 3, 1, 2], [3, 4, 2, 3, 4, 3, 2, 1, 2, 3, 4, 3, 4, 2, 3, 4, 3, 1, 2], [4, 3, 4, 2, 3, 4, 3, 2, 1, 2, 3, 4, 3, 4, 2, 3, 4, 3, 1, 2], [3, 4, 3, 4, 2, 3, 4, 3, 2, 1, 2, 3, 4, 3, 4, 2, 3, 4, 3, 1, 2], [2, 3, 4, 3, 4, 2, 1, 2, 3, 4, 3, 4, 2, 3, 4, 3, 1, 2], [3, 4, 3, 2, 3, 4, 3, 4, 2, 1, 2, 3, 4, 3, 4, 2, 3, 4, 3, 1, 2], [4, 3, 4, 3, 2, 3, 4, 3, 4, 2, 1, 2, 3, 4, 3, 4, 2, 3, 4, 3, 1, 2], [3, 4, 3, 4, 2, 3, 4, 3, 4, 2, 1, 2, 3, 4, 3, 4, 2, 3, 4, 3, 1, 2], [2, 3, 4, 3, 4, 2, 3, 4, 1, 2, 3, 4, 3, 4, 2, 3, 4, 3, 1, 2], [3, 4, 3, 2, 3, 4, 3, 4, 2, 3, 4, 1, 2, 3, 4, 3, 4, 2, 3, 4, 3, 1, 2], [4, 3, 4, 3, 2, 3, 4, 3, 4, 2, 3, 4, 1, 2, 3, 4, 3, 4, 2, 3, 4, 3, 1, 2], [3, 4, 3, 4, 2, 3, 4, 3, 4, 2, 3, 4, 1, 2, 3, 4, 3, 4, 2, 3, 4, 3, 1, 2], [2, 3, 4, 3, 4, 2, 3, 4, 3, 2, 1, 2, 3, 4, 3, 4, 2, 3, 4, 3, 1, 2], [1, 2, 3, 4, 3, 4, 2, 3, 4, 1, 2, 3], [2, 3, 4, 3, 1, 2, 3, 4, 3, 4, 2, 3, 4, 1, 2, 3], [3, 4, 2, 3, 4, 3, 1, 2, 3, 4, 3, 4, 2, 3, 4, 1, 2, 3], [4, 3, 4, 2, 3, 4, 3, 1, 2, 3, 4, 3, 4, 2, 3, 4, 1, 2, 3], [3, 4, 3, 2, 3, 4, 3, 1, 2, 3, 4, 3, 4, 2, 3, 4, 1, 2, 3], [4, 3, 4, 3, 2, 3, 4, 3, 1, 2, 3, 4, 3, 4, 2, 3, 4, 1, 2, 3], [3, 4, 3, 4, 2, 3, 4, 3, 1, 2, 3, 4, 3, 4, 2, 3, 4, 1, 2, 3], [2, 3, 4, 3, 2, 1, 2, 3, 4, 3, 4, 2, 3, 4, 1, 2, 3], [3, 4, 2, 3, 4, 3, 2, 1, 2, 3, 4, 3, 4, 2, 3, 4, 1, 2, 3], [4, 3, 4, 2, 3, 4, 3, 2, 1, 2, 3, 4, 3, 4, 2, 3, 4, 1, 2, 3], [3, 4, 3, 2, 3, 4, 3, 2, 1, 2, 3, 4, 3, 4, 2, 3, 4, 1, 2, 3], [4, 3, 4, 3, 2, 3, 4, 3, 2, 1, 2, 3, 4, 3, 4, 2, 3, 4, 1, 2, 3], [3, 4, 3, 4, 2, 3, 4, 3, 2, 1, 2, 3, 4, 3, 4, 2, 3, 4, 1, 2, 3], [2, 3, 4, 3, 4, 2, 3, 1, 2, 3, 4, 3, 4, 2, 3, 4, 1, 2, 3], [3, 4, 3, 2, 3, 4, 3, 4, 2, 3, 1, 2, 3, 4, 3, 4, 2, 3, 4, 1, 2, 3], [4, 3, 4, 3, 2, 3, 4, 3, 4, 2, 3, 1, 2, 3, 4, 3, 4, 2, 3, 4, 1, 2, 3], [3, 4, 3, 4, 2, 3, 4, 3, 4, 2, 3, 1, 2, 3, 4, 3, 4, 2, 3, 4, 1, 2, 3], [2, 3, 4, 3, 4, 2, 3, 4, 3, 1, 2, 3, 4, 3, 4, 2, 3, 4, 1, 2, 3], [3, 4, 3, 4, 2, 3, 4, 3, 4, 2, 3, 4, 3, 1, 2, 3, 4, 3, 4, 2, 3, 4, 1, 2, 3], [2, 3, 4, 3, 4, 2, 3, 4, 3, 2, 1, 2, 3, 4, 3, 4, 2, 3, 4, 1, 2, 3], [1, 2, 3, 4, 3, 4, 2, 3, 4, 1, 2, 3, 4], [2, 3, 4, 3, 1, 2, 3, 4, 3, 4, 2, 3, 4, 1, 2, 3, 4], [3, 4, 2, 3, 4, 3, 1, 2, 3, 4, 3, 4, 2, 3, 4, 1, 2, 3, 4], [4, 3, 4, 2, 3, 4, 3, 1, 2, 3, 4, 3, 4, 2, 3, 4, 1, 2, 3, 4], [3, 4, 3, 2, 3, 4, 3, 1, 2, 3, 4, 3, 4, 2, 3, 4, 1, 2, 3, 4], [4, 3, 4, 3, 2, 3, 4, 3, 1, 2, 3, 4, 3, 4, 2, 3, 4, 1, 2, 3, 4], [3, 4, 3, 4, 2, 3, 4, 3, 1, 2, 3, 4, 3, 4, 2, 3, 4, 1, 2, 3, 4], [2, 3, 4, 3, 2, 1, 2, 3, 4, 3, 4, 2, 3, 4, 1, 2, 3, 4], [3, 4, 2, 3, 4, 3, 2, 1, 2, 3, 4, 3, 4, 2, 3, 4, 1, 2, 3, 4], [4, 3, 4, 2, 3, 4, 3, 2, 1, 2, 3, 4, 3, 4, 2, 3, 4, 1, 2, 3, 4], [3, 4, 3, 2, 3, 4, 3, 2, 1, 2, 3, 4, 3, 4, 2, 3, 4, 1, 2, 3, 4], [4, 3, 4, 3, 2, 3, 4, 3, 2, 1, 2, 3, 4, 3, 4, 2, 3, 4, 1, 2, 3, 4], [3, 4, 3, 4, 2, 3, 4, 3, 2, 1, 2, 3, 4, 3, 4, 2, 3, 4, 1, 2, 3, 4], [2, 3, 4, 3, 4, 2, 3, 1, 2, 3, 4, 3, 4, 2, 3, 4, 1, 2, 3, 4], [3, 4, 3, 2, 3, 4, 3, 4, 2, 3, 1, 2, 3, 4, 3, 4, 2, 3, 4, 1, 2, 3, 4], [4, 3, 4, 3, 2, 3, 4, 3, 4, 2, 3, 1, 2, 3, 4, 3, 4, 2, 3, 4, 1, 2, 3, 4], [3, 4, 3, 4, 2, 3, 4, 3, 4, 2, 3, 1, 2, 3, 4, 3, 4, 2, 3, 4, 1, 2, 3, 4], [2, 3, 4, 3, 4, 2, 3, 4, 3, 1, 2, 3, 4, 3, 4, 2, 3, 4, 1, 2, 3, 4], [3, 4, 3, 4, 2, 3, 4, 3, 4, 2, 3, 4, 3, 1, 2, 3, 4, 3, 4, 2, 3, 4, 1, 2, 3, 4], [2, 3, 4, 3, 4, 2, 3, 4, 3, 2, 1, 2, 3, 4, 3, 4, 2, 3, 4, 1, 2, 3, 4], [1, 2, 3, 4, 3, 4, 2, 3, 4, 1, 2, 3, 4, 3], [2, 3, 4, 3, 1, 2, 3, 4, 3, 4, 2, 3, 4, 1, 2, 3, 4, 3], [3, 4, 2, 3, 4, 3, 1, 2, 3, 4, 3, 4, 2, 3, 4, 1, 2, 3, 4, 3], [4, 3, 4, 2, 3, 4, 3, 1, 2, 3, 4, 3, 4, 2, 3, 4, 1, 2, 3, 4, 3], [3, 4, 3, 2, 3, 4, 3, 1, 2, 3, 4, 3, 4, 2, 3, 4, 1, 2, 3, 4, 3], [4, 3, 4, 3, 2, 3, 4, 3, 1, 2, 3, 4, 3, 4, 2, 3, 4, 1, 2, 3, 4, 3], [3, 4, 3, 4, 2, 3, 4, 3, 1, 2, 3, 4, 3, 4, 2, 3, 4, 1, 2, 3, 4, 3], [2, 3, 4, 3, 4, 2, 3, 1, 2, 3, 4, 3, 4, 2, 3, 4, 1, 2, 3, 4, 3], [3, 4, 3, 2, 3, 4, 3, 4, 2, 3, 1, 2, 3, 4, 3, 4, 2, 3, 4, 1, 2, 3, 4, 3], [4, 3, 4, 3, 2, 3, 4, 3, 4, 2, 3, 1, 2, 3, 4, 3, 4, 2, 3, 4, 1, 2, 3, 4, 3], [2, 3, 4, 3, 4, 2, 3, 4, 3, 1, 2, 3, 4, 3, 4, 2, 3, 4, 1, 2, 3, 4, 3], [3, 4, 3, 4, 2, 3, 4, 3, 4, 2, 3, 4, 3, 1, 2, 3, 4, 3, 4, 2, 3, 4, 1, 2, 3, 4, 3], [1, 2, 3, 4, 3, 4, 2, 3, 4, 3, 1, 2, 3, 4, 3], [2, 3, 4, 3, 4, 1, 2, 3, 4, 3, 4, 2, 3, 4, 3, 1, 2, 3, 4, 3], [3, 4, 3, 2, 3, 4, 3, 4, 1, 2, 3, 4, 3, 4, 2, 3, 4, 3, 1, 2, 3, 4, 3], [4, 3, 4, 3, 2, 3, 4, 3, 4, 1, 2, 3, 4, 3, 4, 2, 3, 4, 3, 1, 2, 3, 4, 3], [3, 4, 3, 4, 2, 3, 4, 3, 4, 1, 2, 3, 4, 3, 4, 2, 3, 4, 3, 1, 2, 3, 4, 3], [2, 3, 4, 3, 2, 1, 2, 3, 4, 3, 4, 2, 3, 4, 3, 1, 2, 3, 4, 3], [3, 4, 2, 3, 4, 3, 2, 1, 2, 3, 4, 3, 4, 2, 3, 4, 3, 1, 2, 3, 4, 3], [4, 3, 4, 2, 3, 4, 3, 2, 1, 2, 3, 4, 3, 4, 2, 3, 4, 3, 1, 2, 3, 4, 3], [3, 4, 3, 2, 3, 4, 3, 2, 1, 2, 3, 4, 3, 4, 2, 3, 4, 3, 1, 2, 3, 4, 3], [4, 3, 4, 3, 2, 3, 4, 3, 2, 1, 2, 3, 4, 3, 4, 2, 3, 4, 3, 1, 2, 3, 4, 3], [3, 4, 3, 4, 2, 3, 4, 3, 2, 1, 2, 3, 4, 3, 4, 2, 3, 4, 3, 1, 2, 3, 4, 3], [2, 3, 4, 3, 4, 2, 1, 2, 3, 4, 3, 4, 2, 3, 4, 3, 1, 2, 3, 4, 3], [3, 4, 3, 2, 3, 4, 3, 4, 2, 1, 2, 3, 4, 3, 4, 2, 3, 4, 3, 1, 2, 3, 4, 3], [4, 3, 4, 3, 2, 3, 4, 3, 4, 2, 1, 2, 3, 4, 3, 4, 2, 3, 4, 3, 1, 2, 3, 4, 3], [3, 4, 3, 4, 2, 3, 4, 3, 4, 2, 1, 2, 3, 4, 3, 4, 2, 3, 4, 3, 1, 2, 3, 4, 3], [2, 3, 4, 3, 4, 2, 3, 1, 2, 3, 4, 3, 4, 2, 3, 4, 3, 1, 2, 3, 4, 3], [3, 4, 3, 2, 3, 4, 3, 4, 2, 3, 1, 2, 3, 4, 3, 4, 2, 3, 4, 3, 1, 2, 3, 4, 3], [4, 3, 4, 3, 2, 3, 4, 3, 4, 2, 3, 1, 2, 3, 4, 3, 4, 2, 3, 4, 3, 1, 2, 3, 4, 3], [3, 4, 3, 4, 2, 3, 4, 3, 4, 2, 3, 1, 2, 3, 4, 3, 4, 2, 3, 4, 3, 1, 2, 3, 4, 3], [2, 3, 4, 3, 4, 2, 3, 4, 1, 2, 3, 4, 3, 4, 2, 3, 4, 3, 1, 2, 3, 4, 3], [3, 4, 3, 2, 3, 4, 3, 4, 2, 3, 4, 1, 2, 3, 4, 3, 4, 2, 3, 4, 3, 1, 2, 3, 4, 3], [4, 3, 4, 3, 2, 3, 4, 3, 4, 2, 3, 4, 1, 2, 3, 4, 3, 4, 2, 3, 4, 3, 1, 2, 3, 4, 3], [3, 4, 3, 4, 2, 3, 4, 3, 4, 2, 3, 4, 1, 2, 3, 4, 3, 4, 2, 3, 4, 3, 1, 2, 3, 4, 3], [2, 3, 4, 3, 4, 2, 3, 4, 3, 1, 2, 3, 4, 3, 4, 2, 3, 4, 3, 1, 2, 3, 4, 3], [3, 4, 3, 4, 2, 3, 4, 3, 4, 2, 3, 4, 3, 1, 2, 3, 4, 3, 4, 2, 3, 4, 3, 1, 2, 3, 4, 3], [2, 3, 4, 3, 4, 2, 3, 4, 3, 2, 1, 2, 3, 4, 3, 4, 2, 3, 4, 3, 1, 2, 3, 4, 3], [1, 2, 3, 4, 3, 4, 2, 3, 4, 3, 1, 2, 3, 4, 3, 4], [2, 3, 4, 3, 4, 1, 2, 3, 4, 3, 4, 2, 3, 4, 3, 1, 2, 3, 4, 3, 4], [3, 4, 3, 2, 3, 4, 3, 4, 1, 2, 3, 4, 3, 4, 2, 3, 4, 3, 1, 2, 3, 4, 3, 4], [4, 3, 4, 3, 2, 3, 4, 3, 4, 1, 2, 3, 4, 3, 4, 2, 3, 4, 3, 1, 2, 3, 4, 3, 4], [2, 3, 4, 3, 2, 1, 2, 3, 4, 3, 4, 2, 3, 4, 3, 1, 2, 3, 4, 3, 4], [3, 4, 2, 3, 4, 3, 2, 1, 2, 3, 4, 3, 4, 2, 3, 4, 3, 1, 2, 3, 4, 3, 4], [4, 3, 4, 2, 3, 4, 3, 2, 1, 2, 3, 4, 3, 4, 2, 3, 4, 3, 1, 2, 3, 4, 3, 4], [3, 4, 3, 4, 2, 3, 4, 3, 2, 1, 2, 3, 4, 3, 4, 2, 3, 4, 3, 1, 2, 3, 4, 3, 4], [2, 3, 4, 3, 4, 2, 1, 2, 3, 4, 3, 4, 2, 3, 4, 3, 1, 2, 3, 4, 3, 4], [3, 4, 3, 2, 3, 4, 3, 4, 2, 1, 2, 3, 4, 3, 4, 2, 3, 4, 3, 1, 2, 3, 4, 3, 4], [4, 3, 4, 3, 2, 3, 4, 3, 4, 2, 1, 2, 3, 4, 3, 4, 2, 3, 4, 3, 1, 2, 3, 4, 3, 4], [3, 4, 3, 4, 2, 3, 4, 3, 4, 2, 1, 2, 3, 4, 3, 4, 2, 3, 4, 3, 1, 2, 3, 4, 3, 4], [2, 3, 4, 3, 4, 2, 3, 4, 1, 2, 3, 4, 3, 4, 2, 3, 4, 3, 1, 2, 3, 4, 3, 4], [3, 4, 3, 2, 3, 4, 3, 4, 2, 3, 4, 1, 2, 3, 4, 3, 4, 2, 3, 4, 3, 1, 2, 3, 4, 3, 4], [4, 3, 4, 3, 2, 3, 4, 3, 4, 2, 3, 4, 1, 2, 3, 4, 3, 4, 2, 3, 4, 3, 1, 2, 3, 4, 3, 4], [3, 4, 3, 4, 2, 3, 4, 3, 4, 2, 3, 4, 1, 2, 3, 4, 3, 4, 2, 3, 4, 3, 1, 2, 3, 4, 3, 4], [2, 3, 4, 3, 4, 2, 3, 4, 3, 2, 1, 2, 3, 4, 3, 4, 2, 3, 4, 3, 1, 2, 3, 4, 3, 4], [1, 2, 3, 4, 3, 4, 2, 3, 4, 1, 2, 3, 4, 3, 2], [2, 3, 4, 3, 1, 2, 3, 4, 3, 4, 2, 3, 4, 1, 2, 3, 4, 3, 2], [3, 4, 2, 3, 4, 3, 1, 2, 3, 4, 3, 4, 2, 3, 4, 1, 2, 3, 4, 3, 2], [4, 3, 4, 2, 3, 4, 3, 1, 2, 3, 4, 3, 4, 2, 3, 4, 1, 2, 3, 4, 3, 2], [3, 4, 3, 2, 3, 4, 3, 1, 2, 3, 4, 3, 4, 2, 3, 4, 1, 2, 3, 4, 3, 2], [4, 3, 4, 3, 2, 3, 4, 3, 1, 2, 3, 4, 3, 4, 2, 3, 4, 1, 2, 3, 4, 3, 2], [3, 4, 3, 4, 2, 3, 4, 3, 1, 2, 3, 4, 3, 4, 2, 3, 4, 1, 2, 3, 4, 3, 2], [2, 3, 4, 3, 4, 1, 2, 3, 4, 3, 4, 2, 3, 4, 1, 2, 3, 4, 3, 2], [3, 4, 3, 2, 3, 4, 3, 4, 1, 2, 3, 4, 3, 4, 2, 3, 4, 1, 2, 3, 4, 3, 2], [4, 3, 4, 3, 2, 3, 4, 3, 4, 1, 2, 3, 4, 3, 4, 2, 3, 4, 1, 2, 3, 4, 3, 2], [3, 4, 3, 4, 2, 3, 4, 3, 4, 1, 2, 3, 4, 3, 4, 2, 3, 4, 1, 2, 3, 4, 3, 2], [2, 3, 4, 3, 4, 2, 3, 1, 2, 3, 4, 3, 4, 2, 3, 4, 1, 2, 3, 4, 3, 2], [3, 4, 3, 2, 3, 4, 3, 4, 2, 3, 1, 2, 3, 4, 3, 4, 2, 3, 4, 1, 2, 3, 4, 3, 2], [4, 3, 4, 3, 2, 3, 4, 3, 4, 2, 3, 1, 2, 3, 4, 3, 4, 2, 3, 4, 1, 2, 3, 4, 3, 2], [2, 3, 4, 3, 4, 2, 3, 4, 1, 2, 3, 4, 3, 4, 2, 3, 4, 1, 2, 3, 4, 3, 2], [3, 4, 3, 2, 3, 4, 3, 4, 2, 3, 4, 1, 2, 3, 4, 3, 4, 2, 3, 4, 1, 2, 3, 4, 3, 2], [4, 3, 4, 3, 2, 3, 4, 3, 4, 2, 3, 4, 1, 2, 3, 4, 3, 4, 2, 3, 4, 1, 2, 3, 4, 3, 2], [2, 3, 4, 3, 4, 2, 3, 4, 3, 1, 2, 3, 4, 3, 4, 2, 3, 4, 1, 2, 3, 4, 3, 2], [3, 4, 3, 4, 2, 3, 4, 3, 4, 2, 3, 4, 3, 1, 2, 3, 4, 3, 4, 2, 3, 4, 1, 2, 3, 4, 3, 2], [1, 2, 3, 4, 3, 4, 2, 3, 4, 3, 2, 1, 2, 3, 4, 3, 2], [2, 3, 4, 3, 2, 1, 2, 3, 4, 3, 4, 2, 3, 4, 3, 2, 1, 2, 3, 4, 3, 2], [3, 4, 2, 3, 4, 3, 2, 1, 2, 3, 4, 3, 4, 2, 3, 4, 3, 2, 1, 2, 3, 4, 3, 2], [4, 3, 4, 2, 3, 4, 3, 2, 1, 2, 3, 4, 3, 4, 2, 3, 4, 3, 2, 1, 2, 3, 4, 3, 2], [3, 4, 3, 2, 3, 4, 3, 2, 1, 2, 3, 4, 3, 4, 2, 3, 4, 3, 2, 1, 2, 3, 4, 3, 2], [4, 3, 4, 3, 2, 3, 4, 3, 2, 1, 2, 3, 4, 3, 4, 2, 3, 4, 3, 2, 1, 2, 3, 4, 3, 2], [3, 4, 3, 4, 2, 3, 4, 3, 2, 1, 2, 3, 4, 3, 4, 2, 3, 4, 3, 2, 1, 2, 3, 4, 3, 2], [2, 3, 4, 3, 4, 2, 3, 1, 2, 3, 4, 3, 4, 2, 3, 4, 3, 2, 1, 2, 3, 4, 3, 2], [3, 4, 3, 2, 3, 4, 3, 4, 2, 3, 1, 2, 3, 4, 3, 4, 2, 3, 4, 3, 2, 1, 2, 3, 4, 3, 2], [4, 3, 4, 3, 2, 3, 4, 3, 4, 2, 3, 1, 2, 3, 4, 3, 4, 2, 3, 4, 3, 2, 1, 2, 3, 4, 3, 2], [3, 4, 3, 4, 2, 3, 4, 3, 4, 2, 3, 1, 2, 3, 4, 3, 4, 2, 3, 4, 3, 2, 1, 2, 3, 4, 3, 2], [2, 3, 4, 3, 4, 2, 3, 4, 3, 1, 2, 3, 4, 3, 4, 2, 3, 4, 3, 2, 1, 2, 3, 4, 3, 2], [3, 4, 3, 4, 2, 3, 4, 3, 4, 2, 3, 4, 3, 1, 2, 3, 4, 3, 4, 2, 3, 4, 3, 2, 1, 2, 3, 4, 3, 2], [2, 3, 4, 3, 4, 2, 3, 4, 3, 2, 1, 2, 3, 4, 3, 4, 2, 3, 4, 3, 2, 1, 2, 3, 4, 3, 2], [1, 2, 3, 4, 3, 4, 2, 3, 4, 3, 1, 2, 3, 4, 3, 4, 2, 3], [2, 3, 4, 3, 4, 1, 2, 3, 4, 3, 4, 2, 3, 4, 3, 1, 2, 3, 4, 3, 4, 2, 3], [3, 4, 3, 2, 3, 4, 3, 4, 1, 2, 3, 4, 3, 4, 2, 3, 4, 3, 1, 2, 3, 4, 3, 4, 2, 3], [4, 3, 4, 3, 2, 3, 4, 3, 4, 1, 2, 3, 4, 3, 4, 2, 3, 4, 3, 1, 2, 3, 4, 3, 4, 2, 3], [2, 3, 4, 3, 2, 1, 2, 3, 4, 3, 4, 2, 3, 4, 3, 1, 2, 3, 4, 3, 4, 2, 3], [3, 4, 2, 3, 4, 3, 2, 1, 2, 3, 4, 3, 4, 2, 3, 4, 3, 1, 2, 3, 4, 3, 4, 2, 3], [4, 3, 4, 2, 3, 4, 3, 2, 1, 2, 3, 4, 3, 4, 2, 3, 4, 3, 1, 2, 3, 4, 3, 4, 2, 3], [3, 4, 3, 4, 2, 3, 4, 3, 2, 1, 2, 3, 4, 3, 4, 2, 3, 4, 3, 1, 2, 3, 4, 3, 4, 2, 3], [2, 3, 4, 3, 4, 2, 1, 2, 3, 4, 3, 4, 2, 3, 4, 3, 1, 2, 3, 4, 3, 4, 2, 3], [3, 4, 3, 2, 3, 4, 3, 4, 2, 1, 2, 3, 4, 3, 4, 2, 3, 4, 3, 1, 2, 3, 4, 3, 4, 2, 3], [4, 3, 4, 3, 2, 3, 4, 3, 4, 2, 1, 2, 3, 4, 3, 4, 2, 3, 4, 3, 1, 2, 3, 4, 3, 4, 2, 3], [3, 4, 3, 4, 2, 3, 4, 3, 4, 2, 1, 2, 3, 4, 3, 4, 2, 3, 4, 3, 1, 2, 3, 4, 3, 4, 2, 3], [2, 3, 4, 3, 4, 2, 3, 4, 1, 2, 3, 4, 3, 4, 2, 3, 4, 3, 1, 2, 3, 4, 3, 4, 2, 3], [3, 4, 3, 2, 3, 4, 3, 4, 2, 3, 4, 1, 2, 3, 4, 3, 4, 2, 3, 4, 3, 1, 2, 3, 4, 3, 4, 2, 3], [4, 3, 4, 3, 2, 3, 4, 3, 4, 2, 3, 4, 1, 2, 3, 4, 3, 4, 2, 3, 4, 3, 1, 2, 3, 4, 3, 4, 2, 3], [3, 4, 3, 4, 2, 3, 4, 3, 4, 2, 3, 4, 1, 2, 3, 4, 3, 4, 2, 3, 4, 3, 1, 2, 3, 4, 3, 4, 2, 3], [2, 3, 4, 3, 4, 2, 3, 4, 3, 2, 1, 2, 3, 4, 3, 4, 2, 3, 4, 3, 1, 2, 3, 4, 3, 4, 2, 3], [1, 2, 3, 4, 3, 4, 2, 3, 4, 3, 2, 1, 2, 3, 4, 3, 4, 2, 3], [2, 3, 4, 3, 2, 1, 2, 3, 4, 3, 4, 2, 3, 4, 3, 2, 1, 2, 3, 4, 3, 4, 2, 3], [3, 4, 2, 3, 4, 3, 2, 1, 2, 3, 4, 3, 4, 2, 3, 4, 3, 2, 1, 2, 3, 4, 3, 4, 2, 3], [4, 3, 4, 2, 3, 4, 3, 2, 1, 2, 3, 4, 3, 4, 2, 3, 4, 3, 2, 1, 2, 3, 4, 3, 4, 2, 3], [3, 4, 3, 4, 2, 3, 4, 3, 2, 1, 2, 3, 4, 3, 4, 2, 3, 4, 3, 2, 1, 2, 3, 4, 3, 4, 2, 3], [2, 3, 4, 3, 4, 2, 1, 2, 3, 4, 3, 4, 2, 3, 4, 3, 2, 1, 2, 3, 4, 3, 4, 2, 3], [3, 4, 3, 2, 3, 4, 3, 4, 2, 1, 2, 3, 4, 3, 4, 2, 3, 4, 3, 2, 1, 2, 3, 4, 3, 4, 2, 3], [4, 3, 4, 3, 2, 3, 4, 3, 4, 2, 1, 2, 3, 4, 3, 4, 2, 3, 4, 3, 2, 1, 2, 3, 4, 3, 4, 2, 3], [3, 4, 3, 4, 2, 3, 4, 3, 4, 2, 1, 2, 3, 4, 3, 4, 2, 3, 4, 3, 2, 1, 2, 3, 4, 3, 4, 2, 3], [2, 3, 4, 3, 4, 2, 3, 4, 1, 2, 3, 4, 3, 4, 2, 3, 4, 3, 2, 1, 2, 3, 4, 3, 4, 2, 3], [3, 4, 3, 2, 3, 4, 3, 4, 2, 3, 4, 1, 2, 3, 4, 3, 4, 2, 3, 4, 3, 2, 1, 2, 3, 4, 3, 4, 2, 3], [4, 3, 4, 3, 2, 3, 4, 3, 4, 2, 3, 4, 1, 2, 3, 4, 3, 4, 2, 3, 4, 3, 2, 1, 2, 3, 4, 3, 4, 2, 3], [3, 4, 3, 4, 2, 3, 4, 3, 4, 2, 3, 4, 1, 2, 3, 4, 3, 4, 2, 3, 4, 3, 2, 1, 2, 3, 4, 3, 4, 2, 3], [2, 3, 4, 3, 4, 2, 3, 4, 3, 2, 1, 2, 3, 4, 3, 4, 2, 3, 4, 3, 2, 1, 2, 3, 4, 3, 4, 2, 3], [1, 2, 3, 4, 3, 4, 2, 3, 4, 3, 1, 2, 3, 4, 3, 4, 2, 3, 4], [2, 3, 4, 3, 4, 1, 2, 3, 4, 3, 4, 2, 3, 4, 3, 1, 2, 3, 4, 3, 4, 2, 3, 4], [3, 4, 3, 2, 3, 4, 3, 4, 1, 2, 3, 4, 3, 4, 2, 3, 4, 3, 1, 2, 3, 4, 3, 4, 2, 3, 4], [4, 3, 4, 3, 2, 3, 4, 3, 4, 1, 2, 3, 4, 3, 4, 2, 3, 4, 3, 1, 2, 3, 4, 3, 4, 2, 3, 4], [2, 3, 4, 3, 4, 2, 3, 4, 1, 2, 3, 4, 3, 4, 2, 3, 4, 3, 1, 2, 3, 4, 3, 4, 2, 3, 4], [3, 4, 3, 2, 3, 4, 3, 4, 2, 3, 4, 1, 2, 3, 4, 3, 4, 2, 3, 4, 3, 1, 2, 3, 4, 3, 4, 2, 3, 4], [4, 3, 4, 3, 2, 3, 4, 3, 4, 2, 3, 4, 1, 2, 3, 4, 3, 4, 2, 3, 4, 3, 1, 2, 3, 4, 3, 4, 2, 3, 4], [1, 2, 3, 4, 3, 4, 2, 3, 4, 3, 2, 1, 2, 3, 4, 3, 4, 2, 3, 4], [2, 3, 4, 3, 2, 1, 2, 3, 4, 3, 4, 2, 3, 4, 3, 2, 1, 2, 3, 4, 3, 4, 2, 3, 4], [3, 4, 2, 3, 4, 3, 2, 1, 2, 3, 4, 3, 4, 2, 3, 4, 3, 2, 1, 2, 3, 4, 3, 4, 2, 3, 4], [4, 3, 4, 2, 3, 4, 3, 2, 1, 2, 3, 4, 3, 4, 2, 3, 4, 3, 2, 1, 2, 3, 4, 3, 4, 2, 3, 4], [3, 4, 3, 4, 2, 3, 4, 3, 2, 1, 2, 3, 4, 3, 4, 2, 3, 4, 3, 2, 1, 2, 3, 4, 3, 4, 2, 3, 4], [2, 3, 4, 3, 4, 2, 1, 2, 3, 4, 3, 4, 2, 3, 4, 3, 2, 1, 2, 3, 4, 3, 4, 2, 3, 4], [3, 4, 3, 2, 3, 4, 3, 4, 2, 1, 2, 3, 4, 3, 4, 2, 3, 4, 3, 2, 1, 2, 3, 4, 3, 4, 2, 3, 4], [4, 3, 4, 3, 2, 3, 4, 3, 4, 2, 1, 2, 3, 4, 3, 4, 2, 3, 4, 3, 2, 1, 2, 3, 4, 3, 4, 2, 3, 4], [3, 4, 3, 4, 2, 3, 4, 3, 4, 2, 1, 2, 3, 4, 3, 4, 2, 3, 4, 3, 2, 1, 2, 3, 4, 3, 4, 2, 3, 4], [2, 3, 4, 3, 4, 2, 3, 4, 1, 2, 3, 4, 3, 4, 2, 3, 4, 3, 2, 1, 2, 3, 4, 3, 4, 2, 3, 4], [3, 4, 3, 2, 3, 4, 3, 4, 2, 3, 4, 1, 2, 3, 4, 3, 4, 2, 3, 4, 3, 2, 1, 2, 3, 4, 3, 4, 2, 3, 4], [4, 3, 4, 3, 2, 3, 4, 3, 4, 2, 3, 4, 1, 2, 3, 4, 3, 4, 2, 3, 4, 3, 2, 1, 2, 3, 4, 3, 4, 2, 3, 4], [3, 4, 3, 4, 2, 3, 4, 3, 4, 2, 3, 4, 1, 2, 3, 4, 3, 4, 2, 3, 4, 3, 2, 1, 2, 3, 4, 3, 4, 2, 3, 4], [2, 3, 4, 3, 4, 2, 3, 4, 3, 2, 1, 2, 3, 4, 3, 4, 2, 3, 4, 3, 2, 1, 2, 3, 4, 3, 4, 2, 3, 4], [1, 2, 3, 4, 3, 4, 2, 3, 4, 3, 2, 1, 2, 3, 4, 3, 4, 2, 3, 4, 3], [2, 3, 4, 3, 2, 1, 2, 3, 4, 3, 4, 2, 3, 4, 3, 2, 1, 2, 3, 4, 3, 4, 2, 3, 4, 3], [3, 4, 2, 3, 4, 3, 2, 1, 2, 3, 4, 3, 4, 2, 3, 4, 3, 2, 1, 2, 3, 4, 3, 4, 2, 3, 4, 3], [4, 3, 4, 2, 3, 4, 3, 2, 1, 2, 3, 4, 3, 4, 2, 3, 4, 3, 2, 1, 2, 3, 4, 3, 4, 2, 3, 4, 3], [3, 4, 3, 2, 3, 4, 3, 2, 1, 2, 3, 4, 3, 4, 2, 3, 4, 3, 2, 1, 2, 3, 4, 3, 4, 2, 3, 4, 3], [4, 3, 4, 3, 2, 3, 4, 3, 2, 1, 2, 3, 4, 3, 4, 2, 3, 4, 3, 2, 1, 2, 3, 4, 3, 4, 2, 3, 4, 3], [3, 4, 3, 4, 2, 3, 4, 3, 2, 1, 2, 3, 4, 3, 4, 2, 3, 4, 3, 2, 1, 2, 3, 4, 3, 4, 2, 3, 4, 3], [2, 3, 4, 3, 4, 2, 3, 1, 2, 3, 4, 3, 4, 2, 3, 4, 3, 2, 1, 2, 3, 4, 3, 4, 2, 3, 4, 3], [3, 4, 3, 2, 3, 4, 3, 4, 2, 3, 1, 2, 3, 4, 3, 4, 2, 3, 4, 3, 2, 1, 2, 3, 4, 3, 4, 2, 3, 4, 3], [4, 3, 4, 3, 2, 3, 4, 3, 4, 2, 3, 1, 2, 3, 4, 3, 4, 2, 3, 4, 3, 2, 1, 2, 3, 4, 3, 4, 2, 3, 4, 3], [3, 4, 3, 4, 2, 3, 4, 3, 4, 2, 3, 1, 2, 3, 4, 3, 4, 2, 3, 4, 3, 2, 1, 2, 3, 4, 3, 4, 2, 3, 4, 3], [2, 3, 4, 3, 4, 2, 3, 4, 3, 1, 2, 3, 4, 3, 4, 2, 3, 4, 3, 2, 1, 2, 3, 4, 3, 4, 2, 3, 4, 3], [3, 4, 3, 4, 2, 3, 4, 3, 4, 2, 3, 4, 3, 1, 2, 3, 4, 3, 4, 2, 3, 4, 3, 2, 1, 2, 3, 4, 3, 4, 2, 3, 4, 3], [2, 3, 4, 3, 4, 2, 3, 4, 3, 2, 1, 2, 3, 4, 3, 4, 2, 3, 4, 3, 2, 1, 2, 3, 4, 3, 4, 2, 3, 4, 3], [1, 2, 3, 4, 3, 4, 2, 3, 4, 3, 2, 1, 2, 3, 4, 3, 4, 2, 3, 4, 3, 2], [2, 3, 4, 3, 2, 1, 2, 3, 4, 3, 4, 2, 3, 4, 3, 2, 1, 2, 3, 4, 3, 4, 2, 3, 4, 3, 2], [3, 4, 2, 3, 4, 3, 2, 1, 2, 3, 4, 3, 4, 2, 3, 4, 3, 2, 1, 2, 3, 4, 3, 4, 2, 3, 4, 3, 2], [4, 3, 4, 2, 3, 4, 3, 2, 1, 2, 3, 4, 3, 4, 2, 3, 4, 3, 2, 1, 2, 3, 4, 3, 4, 2, 3, 4, 3, 2], [3, 4, 3, 4, 2, 3, 4, 3, 2, 1, 2, 3, 4, 3, 4, 2, 3, 4, 3, 2, 1, 2, 3, 4, 3, 4, 2, 3, 4, 3, 2], [2, 3, 4, 3, 4, 2, 3, 4, 3, 2, 1, 2, 3, 4, 3, 4, 2, 3, 4, 3, 2, 1, 2, 3, 4, 3, 4, 2, 3, 4, 3, 2], [1, 2, 3, 4, 3, 4, 2, 3, 4, 1, 2, 3, 4, 3, 2, 1], [2, 3, 4, 3, 1, 2, 3, 4, 3, 4, 2, 3, 4, 1, 2, 3, 4, 3, 2, 1], [3, 4, 2, 3, 4, 3, 1, 2, 3, 4, 3, 4, 2, 3, 4, 1, 2, 3, 4, 3, 2, 1], [4, 3, 4, 2, 3, 4, 3, 1, 2, 3, 4, 3, 4, 2, 3, 4, 1, 2, 3, 4, 3, 2, 1], [3, 4, 3, 2, 3, 4, 3, 1, 2, 3, 4, 3, 4, 2, 3, 4, 1, 2, 3, 4, 3, 2, 1], [4, 3, 4, 3, 2, 3, 4, 3, 1, 2, 3, 4, 3, 4, 2, 3, 4, 1, 2, 3, 4, 3, 2, 1], [3, 4, 3, 4, 2, 3, 4, 3, 1, 2, 3, 4, 3, 4, 2, 3, 4, 1, 2, 3, 4, 3, 2, 1], [2, 3, 4, 3, 4, 2, 3, 1, 2, 3, 4, 3, 4, 2, 3, 4, 1, 2, 3, 4, 3, 2, 1], [3, 4, 3, 2, 3, 4, 3, 4, 2, 3, 1, 2, 3, 4, 3, 4, 2, 3, 4, 1, 2, 3, 4, 3, 2, 1], [4, 3, 4, 3, 2, 3, 4, 3, 4, 2, 3, 1, 2, 3, 4, 3, 4, 2, 3, 4, 1, 2, 3, 4, 3, 2, 1], [2, 3, 4, 3, 4, 2, 3, 4, 3, 1, 2, 3, 4, 3, 4, 2, 3, 4, 1, 2, 3, 4, 3, 2, 1], [3, 4, 3, 4, 2, 3, 4, 3, 4, 2, 3, 4, 3, 1, 2, 3, 4, 3, 4, 2, 3, 4, 1, 2, 3, 4, 3, 2, 1], [1, 2, 3, 4, 3, 4, 2, 3, 4, 3, 2, 1, 2, 3, 4, 3, 4, 2, 3, 4, 3, 2, 1], [2, 3, 4, 3, 2, 1, 2, 3, 4, 3, 4, 2, 3, 4, 3, 2, 1, 2, 3, 4, 3, 4, 2, 3, 4, 3, 2, 1], [3, 4, 2, 3, 4, 3, 2, 1, 2, 3, 4, 3, 4, 2, 3, 4, 3, 2, 1, 2, 3, 4, 3, 4, 2, 3, 4, 3, 2, 1], [4, 3, 4, 2, 3, 4, 3, 2, 1, 2, 3, 4, 3, 4, 2, 3, 4, 3, 2, 1, 2, 3, 4, 3, 4, 2, 3, 4, 3, 2, 1], [3, 4, 3, 4, 2, 3, 4, 3, 2, 1, 2, 3, 4, 3, 4, 2, 3, 4, 3, 2, 1, 2, 3, 4, 3, 4, 2, 3, 4, 3, 2, 1], [2, 3, 4, 3, 4, 2, 3, 4, 3, 2, 1, 2, 3, 4, 3, 4, 2, 3, 4, 3, 2, 1, 2, 3, 4, 3, 4, 2, 3, 4, 3, 2, 1], [1, 2, 3, 4, 3, 4, 2, 3, 4, 3, 1, 2, 3, 4, 3, 4, 2, 3, 1, 2], [2, 3, 4, 3, 4, 1, 2, 3, 4, 3, 4, 2, 3, 4, 3, 1, 2, 3, 4, 3, 4, 2, 3, 1, 2], [3, 4, 3, 2, 3, 4, 3, 4, 1, 2, 3, 4, 3, 4, 2, 3, 4, 3, 1, 2, 3, 4, 3, 4, 2, 3, 1, 2], [4, 3, 4, 3, 2, 3, 4, 3, 4, 1, 2, 3, 4, 3, 4, 2, 3, 4, 3, 1, 2, 3, 4, 3, 4, 2, 3, 1, 2], [2, 3, 4, 3, 2, 1, 2, 3, 4, 3, 4, 2, 3, 4, 3, 1, 2, 3, 4, 3, 4, 2, 3, 1, 2], [3, 4, 2, 3, 4, 3, 2, 1, 2, 3, 4, 3, 4, 2, 3, 4, 3, 1, 2, 3, 4, 3, 4, 2, 3, 1, 2], [4, 3, 4, 2, 3, 4, 3, 2, 1, 2, 3, 4, 3, 4, 2, 3, 4, 3, 1, 2, 3, 4, 3, 4, 2, 3, 1, 2], [3, 4, 3, 4, 2, 3, 4, 3, 2, 1, 2, 3, 4, 3, 4, 2, 3, 4, 3, 1, 2, 3, 4, 3, 4, 2, 3, 1, 2], [2, 3, 4, 3, 4, 2, 1, 2, 3, 4, 3, 4, 2, 3, 4, 3, 1, 2, 3, 4, 3, 4, 2, 3, 1, 2], [3, 4, 3, 2, 3, 4, 3, 4, 2, 1, 2, 3, 4, 3, 4, 2, 3, 4, 3, 1, 2, 3, 4, 3, 4, 2, 3, 1, 2], [4, 3, 4, 3, 2, 3, 4, 3, 4, 2, 1, 2, 3, 4, 3, 4, 2, 3, 4, 3, 1, 2, 3, 4, 3, 4, 2, 3, 1, 2], [3, 4, 3, 4, 2, 3, 4, 3, 4, 2, 1, 2, 3, 4, 3, 4, 2, 3, 4, 3, 1, 2, 3, 4, 3, 4, 2, 3, 1, 2], [2, 3, 4, 3, 4, 2, 3, 4, 1, 2, 3, 4, 3, 4, 2, 3, 4, 3, 1, 2, 3, 4, 3, 4, 2, 3, 1, 2], [3, 4, 3, 2, 3, 4, 3, 4, 2, 3, 4, 1, 2, 3, 4, 3, 4, 2, 3, 4, 3, 1, 2, 3, 4, 3, 4, 2, 3, 1, 2], [4, 3, 4, 3, 2, 3, 4, 3, 4, 2, 3, 4, 1, 2, 3, 4, 3, 4, 2, 3, 4, 3, 1, 2, 3, 4, 3, 4, 2, 3, 1, 2], [3, 4, 3, 4, 2, 3, 4, 3, 4, 2, 3, 4, 1, 2, 3, 4, 3, 4, 2, 3, 4, 3, 1, 2, 3, 4, 3, 4, 2, 3, 1, 2], [2, 3, 4, 3, 4, 2, 3, 4, 3, 2, 1, 2, 3, 4, 3, 4, 2, 3, 4, 3, 1, 2, 3, 4, 3, 4, 2, 3, 1, 2], [1, 2, 3, 4, 3, 4, 2, 3, 4, 3, 2, 1, 2, 3, 4, 3, 4, 2, 3, 4, 3, 1, 2], [2, 3, 4, 3, 2, 1, 2, 3, 4, 3, 4, 2, 3, 4, 3, 2, 1, 2, 3, 4, 3, 4, 2, 3, 4, 3, 1, 2], [3, 4, 2, 3, 4, 3, 2, 1, 2, 3, 4, 3, 4, 2, 3, 4, 3, 2, 1, 2, 3, 4, 3, 4, 2, 3, 4, 3, 1, 2], [4, 3, 4, 2, 3, 4, 3, 2, 1, 2, 3, 4, 3, 4, 2, 3, 4, 3, 2, 1, 2, 3, 4, 3, 4, 2, 3, 4, 3, 1, 2], [3, 4, 3, 2, 3, 4, 3, 2, 1, 2, 3, 4, 3, 4, 2, 3, 4, 3, 2, 1, 2, 3, 4, 3, 4, 2, 3, 4, 3, 1, 2], [4, 3, 4, 3, 2, 3, 4, 3, 2, 1, 2, 3, 4, 3, 4, 2, 3, 4, 3, 2, 1, 2, 3, 4, 3, 4, 2, 3, 4, 3, 1, 2], [3, 4, 3, 4, 2, 3, 4, 3, 2, 1, 2, 3, 4, 3, 4, 2, 3, 4, 3, 2, 1, 2, 3, 4, 3, 4, 2, 3, 4, 3, 1, 2], [2, 3, 4, 3, 4, 2, 3, 1, 2, 3, 4, 3, 4, 2, 3, 4, 3, 2, 1, 2, 3, 4, 3, 4, 2, 3, 4, 3, 1, 2], [3, 4, 3, 2, 3, 4, 3, 4, 2, 3, 1, 2, 3, 4, 3, 4, 2, 3, 4, 3, 2, 1, 2, 3, 4, 3, 4, 2, 3, 4, 3, 1, 2], [4, 3, 4, 3, 2, 3, 4, 3, 4, 2, 3, 1, 2, 3, 4, 3, 4, 2, 3, 4, 3, 2, 1, 2, 3, 4, 3, 4, 2, 3, 4, 3, 1, 2], [3, 4, 3, 4, 2, 3, 4, 3, 4, 2, 3, 1, 2, 3, 4, 3, 4, 2, 3, 4, 3, 2, 1, 2, 3, 4, 3, 4, 2, 3, 4, 3, 1, 2], [2, 3, 4, 3, 4, 2, 3, 4, 3, 1, 2, 3, 4, 3, 4, 2, 3, 4, 3, 2, 1, 2, 3, 4, 3, 4, 2, 3, 4, 3, 1, 2], [3, 4, 3, 4, 2, 3, 4, 3, 4, 2, 3, 4, 3, 1, 2, 3, 4, 3, 4, 2, 3, 4, 3, 2, 1, 2, 3, 4, 3, 4, 2, 3, 4, 3, 1, 2], [2, 3, 4, 3, 4, 2, 3, 4, 3, 2, 1, 2, 3, 4, 3, 4, 2, 3, 4, 3, 2, 1, 2, 3, 4, 3, 4, 2, 3, 4, 3, 1, 2], [1, 2, 3, 4, 3, 4, 2, 3, 4, 3, 1, 2, 3, 4, 3, 4, 2, 3, 4, 1, 2, 3], [2, 3, 4, 3, 4, 1, 2, 3, 4, 3, 4, 2, 3, 4, 3, 1, 2, 3, 4, 3, 4, 2, 3, 4, 1, 2, 3], [3, 4, 3, 2, 3, 4, 3, 4, 1, 2, 3, 4, 3, 4, 2, 3, 4, 3, 1, 2, 3, 4, 3, 4, 2, 3, 4, 1, 2, 3], [4, 3, 4, 3, 2, 3, 4, 3, 4, 1, 2, 3, 4, 3, 4, 2, 3, 4, 3, 1, 2, 3, 4, 3, 4, 2, 3, 4, 1, 2, 3], [2, 3, 4, 3, 4, 2, 3, 4, 1, 2, 3, 4, 3, 4, 2, 3, 4, 3, 1, 2, 3, 4, 3, 4, 2, 3, 4, 1, 2, 3], [3, 4, 3, 2, 3, 4, 3, 4, 2, 3, 4, 1, 2, 3, 4, 3, 4, 2, 3, 4, 3, 1, 2, 3, 4, 3, 4, 2, 3, 4, 1, 2, 3], [4, 3, 4, 3, 2, 3, 4, 3, 4, 2, 3, 4, 1, 2, 3, 4, 3, 4, 2, 3, 4, 3, 1, 2, 3, 4, 3, 4, 2, 3, 4, 1, 2, 3], [1, 2, 3, 4, 3, 4, 2, 3, 4, 3, 2, 1, 2, 3, 4, 3, 4, 2, 3, 4, 1, 2, 3], [2, 3, 4, 3, 2, 1, 2, 3, 4, 3, 4, 2, 3, 4, 3, 2, 1, 2, 3, 4, 3, 4, 2, 3, 4, 1, 2, 3], [3, 4, 2, 3, 4, 3, 2, 1, 2, 3, 4, 3, 4, 2, 3, 4, 3, 2, 1, 2, 3, 4, 3, 4, 2, 3, 4, 1, 2, 3], [4, 3, 4, 2, 3, 4, 3, 2, 1, 2, 3, 4, 3, 4, 2, 3, 4, 3, 2, 1, 2, 3, 4, 3, 4, 2, 3, 4, 1, 2, 3], [3, 4, 3, 4, 2, 3, 4, 3, 2, 1, 2, 3, 4, 3, 4, 2, 3, 4, 3, 2, 1, 2, 3, 4, 3, 4, 2, 3, 4, 1, 2, 3], [2, 3, 4, 3, 4, 2, 1, 2, 3, 4, 3, 4, 2, 3, 4, 3, 2, 1, 2, 3, 4, 3, 4, 2, 3, 4, 1, 2, 3], [3, 4, 3, 2, 3, 4, 3, 4, 2, 1, 2, 3, 4, 3, 4, 2, 3, 4, 3, 2, 1, 2, 3, 4, 3, 4, 2, 3, 4, 1, 2, 3], [4, 3, 4, 3, 2, 3, 4, 3, 4, 2, 1, 2, 3, 4, 3, 4, 2, 3, 4, 3, 2, 1, 2, 3, 4, 3, 4, 2, 3, 4, 1, 2, 3], [3, 4, 3, 4, 2, 3, 4, 3, 4, 2, 1, 2, 3, 4, 3, 4, 2, 3, 4, 3, 2, 1, 2, 3, 4, 3, 4, 2, 3, 4, 1, 2, 3], [2, 3, 4, 3, 4, 2, 3, 4, 1, 2, 3, 4, 3, 4, 2, 3, 4, 3, 2, 1, 2, 3, 4, 3, 4, 2, 3, 4, 1, 2, 3], [3, 4, 3, 2, 3, 4, 3, 4, 2, 3, 4, 1, 2, 3, 4, 3, 4, 2, 3, 4, 3, 2, 1, 2, 3, 4, 3, 4, 2, 3, 4, 1, 2, 3], [4, 3, 4, 3, 2, 3, 4, 3, 4, 2, 3, 4, 1, 2, 3, 4, 3, 4, 2, 3, 4, 3, 2, 1, 2, 3, 4, 3, 4, 2, 3, 4, 1, 2, 3], [3, 4, 3, 4, 2, 3, 4, 3, 4, 2, 3, 4, 1, 2, 3, 4, 3, 4, 2, 3, 4, 3, 2, 1, 2, 3, 4, 3, 4, 2, 3, 4, 1, 2, 3], [2, 3, 4, 3, 4, 2, 3, 4, 3, 2, 1, 2, 3, 4, 3, 4, 2, 3, 4, 3, 2, 1, 2, 3, 4, 3, 4, 2, 3, 4, 1, 2, 3], [1, 2, 3, 4, 3, 4, 2, 3, 4, 3, 1, 2, 3, 4, 3, 4, 2, 3, 4, 1, 2, 3, 4], [2, 3, 4, 3, 4, 1, 2, 3, 4, 3, 4, 2, 3, 4, 3, 1, 2, 3, 4, 3, 4, 2, 3, 4, 1, 2, 3, 4], [3, 4, 3, 2, 3, 4, 3, 4, 1, 2, 3, 4, 3, 4, 2, 3, 4, 3, 1, 2, 3, 4, 3, 4, 2, 3, 4, 1, 2, 3, 4], [4, 3, 4, 3, 2, 3, 4, 3, 4, 1, 2, 3, 4, 3, 4, 2, 3, 4, 3, 1, 2, 3, 4, 3, 4, 2, 3, 4, 1, 2, 3, 4], [2, 3, 4, 3, 4, 2, 3, 4, 1, 2, 3, 4, 3, 4, 2, 3, 4, 3, 1, 2, 3, 4, 3, 4, 2, 3, 4, 1, 2, 3, 4], [3, 4, 3, 2, 3, 4, 3, 4, 2, 3, 4, 1, 2, 3, 4, 3, 4, 2, 3, 4, 3, 1, 2, 3, 4, 3, 4, 2, 3, 4, 1, 2, 3, 4], [4, 3, 4, 3, 2, 3, 4, 3, 4, 2, 3, 4, 1, 2, 3, 4, 3, 4, 2, 3, 4, 3, 1, 2, 3, 4, 3, 4, 2, 3, 4, 1, 2, 3, 4], [1, 2, 3, 4, 3, 4, 2, 3, 4, 3, 2, 1, 2, 3, 4, 3, 4, 2, 3, 4, 1, 2, 3, 4], [2, 3, 4, 3, 2, 1, 2, 3, 4, 3, 4, 2, 3, 4, 3, 2, 1, 2, 3, 4, 3, 4, 2, 3, 4, 1, 2, 3, 4], [3, 4, 2, 3, 4, 3, 2, 1, 2, 3, 4, 3, 4, 2, 3, 4, 3, 2, 1, 2, 3, 4, 3, 4, 2, 3, 4, 1, 2, 3, 4], [4, 3, 4, 2, 3, 4, 3, 2, 1, 2, 3, 4, 3, 4, 2, 3, 4, 3, 2, 1, 2, 3, 4, 3, 4, 2, 3, 4, 1, 2, 3, 4], [3, 4, 3, 4, 2, 3, 4, 3, 2, 1, 2, 3, 4, 3, 4, 2, 3, 4, 3, 2, 1, 2, 3, 4, 3, 4, 2, 3, 4, 1, 2, 3, 4], [2, 3, 4, 3, 4, 2, 1, 2, 3, 4, 3, 4, 2, 3, 4, 3, 2, 1, 2, 3, 4, 3, 4, 2, 3, 4, 1, 2, 3, 4], [3, 4, 3, 2, 3, 4, 3, 4, 2, 1, 2, 3, 4, 3, 4, 2, 3, 4, 3, 2, 1, 2, 3, 4, 3, 4, 2, 3, 4, 1, 2, 3, 4], [4, 3, 4, 3, 2, 3, 4, 3, 4, 2, 1, 2, 3, 4, 3, 4, 2, 3, 4, 3, 2, 1, 2, 3, 4, 3, 4, 2, 3, 4, 1, 2, 3, 4], [3, 4, 3, 4, 2, 3, 4, 3, 4, 2, 1, 2, 3, 4, 3, 4, 2, 3, 4, 3, 2, 1, 2, 3, 4, 3, 4, 2, 3, 4, 1, 2, 3, 4], [2, 3, 4, 3, 4, 2, 3, 4, 1, 2, 3, 4, 3, 4, 2, 3, 4, 3, 2, 1, 2, 3, 4, 3, 4, 2, 3, 4, 1, 2, 3, 4], [3, 4, 3, 2, 3, 4, 3, 4, 2, 3, 4, 1, 2, 3, 4, 3, 4, 2, 3, 4, 3, 2, 1, 2, 3, 4, 3, 4, 2, 3, 4, 1, 2, 3, 4], [4, 3, 4, 3, 2, 3, 4, 3, 4, 2, 3, 4, 1, 2, 3, 4, 3, 4, 2, 3, 4, 3, 2, 1, 2, 3, 4, 3, 4, 2, 3, 4, 1, 2, 3, 4], [3, 4, 3, 4, 2, 3, 4, 3, 4, 2, 3, 4, 1, 2, 3, 4, 3, 4, 2, 3, 4, 3, 2, 1, 2, 3, 4, 3, 4, 2, 3, 4, 1, 2, 3, 4], [2, 3, 4, 3, 4, 2, 3, 4, 3, 2, 1, 2, 3, 4, 3, 4, 2, 3, 4, 3, 2, 1, 2, 3, 4, 3, 4, 2, 3, 4, 1, 2, 3, 4], [1, 2, 3, 4, 3, 4, 2, 3, 4, 3, 1, 2, 3, 4, 3, 4, 2, 3, 4, 1, 2, 3, 4, 3], [2, 3, 4, 3, 4, 1, 2, 3, 4, 3, 4, 2, 3, 4, 3, 1, 2, 3, 4, 3, 4, 2, 3, 4, 1, 2, 3, 4, 3], [3, 4, 3, 2, 3, 4, 3, 4, 1, 2, 3, 4, 3, 4, 2, 3, 4, 3, 1, 2, 3, 4, 3, 4, 2, 3, 4, 1, 2, 3, 4, 3], [4, 3, 4, 3, 2, 3, 4, 3, 4, 1, 2, 3, 4, 3, 4, 2, 3, 4, 3, 1, 2, 3, 4, 3, 4, 2, 3, 4, 1, 2, 3, 4, 3], [2, 3, 4, 3, 4, 2, 1, 2, 3, 4, 3, 4, 2, 3, 4, 3, 1, 2, 3, 4, 3, 4, 2, 3, 4, 1, 2, 3, 4, 3], [3, 4, 3, 2, 3, 4, 3, 4, 2, 1, 2, 3, 4, 3, 4, 2, 3, 4, 3, 1, 2, 3, 4, 3, 4, 2, 3, 4, 1, 2, 3, 4, 3], [4, 3, 4, 3, 2, 3, 4, 3, 4, 2, 1, 2, 3, 4, 3, 4, 2, 3, 4, 3, 1, 2, 3, 4, 3, 4, 2, 3, 4, 1, 2, 3, 4, 3], [3, 4, 3, 4, 2, 3, 4, 3, 4, 2, 1, 2, 3, 4, 3, 4, 2, 3, 4, 3, 1, 2, 3, 4, 3, 4, 2, 3, 4, 1, 2, 3, 4, 3], [2, 3, 4, 3, 4, 2, 3, 4, 1, 2, 3, 4, 3, 4, 2, 3, 4, 3, 1, 2, 3, 4, 3, 4, 2, 3, 4, 1, 2, 3, 4, 3], [3, 4, 3, 2, 3, 4, 3, 4, 2, 3, 4, 1, 2, 3, 4, 3, 4, 2, 3, 4, 3, 1, 2, 3, 4, 3, 4, 2, 3, 4, 1, 2, 3, 4, 3], [4, 3, 4, 3, 2, 3, 4, 3, 4, 2, 3, 4, 1, 2, 3, 4, 3, 4, 2, 3, 4, 3, 1, 2, 3, 4, 3, 4, 2, 3, 4, 1, 2, 3, 4, 3], [3, 4, 3, 4, 2, 3, 4, 3, 4, 2, 3, 4, 1, 2, 3, 4, 3, 4, 2, 3, 4, 3, 1, 2, 3, 4, 3, 4, 2, 3, 4, 1, 2, 3, 4, 3], [2, 3, 4, 3, 4, 2, 3, 4, 3, 2, 1, 2, 3, 4, 3, 4, 2, 3, 4, 3, 1, 2, 3, 4, 3, 4, 2, 3, 4, 1, 2, 3, 4, 3], [1, 2, 3, 4, 3, 4, 2, 3, 4, 3, 2, 1, 2, 3, 4, 3, 4, 2, 3, 4, 3, 1, 2, 3, 4, 3], [2, 3, 4, 3, 2, 1, 2, 3, 4, 3, 4, 2, 3, 4, 3, 2, 1, 2, 3, 4, 3, 4, 2, 3, 4, 3, 1, 2, 3, 4, 3], [3, 4, 2, 3, 4, 3, 2, 1, 2, 3, 4, 3, 4, 2, 3, 4, 3, 2, 1, 2, 3, 4, 3, 4, 2, 3, 4, 3, 1, 2, 3, 4, 3], [4, 3, 4, 2, 3, 4, 3, 2, 1, 2, 3, 4, 3, 4, 2, 3, 4, 3, 2, 1, 2, 3, 4, 3, 4, 2, 3, 4, 3, 1, 2, 3, 4, 3], [3, 4, 3, 2, 3, 4, 3, 2, 1, 2, 3, 4, 3, 4, 2, 3, 4, 3, 2, 1, 2, 3, 4, 3, 4, 2, 3, 4, 3, 1, 2, 3, 4, 3], [4, 3, 4, 3, 2, 3, 4, 3, 2, 1, 2, 3, 4, 3, 4, 2, 3, 4, 3, 2, 1, 2, 3, 4, 3, 4, 2, 3, 4, 3, 1, 2, 3, 4, 3], [3, 4, 3, 4, 2, 3, 4, 3, 2, 1, 2, 3, 4, 3, 4, 2, 3, 4, 3, 2, 1, 2, 3, 4, 3, 4, 2, 3, 4, 3, 1, 2, 3, 4, 3], [2, 3, 4, 3, 4, 2, 1, 2, 3, 4, 3, 4, 2, 3, 4, 3, 2, 1, 2, 3, 4, 3, 4, 2, 3, 4, 3, 1, 2, 3, 4, 3], [3, 4, 3, 2, 3, 4, 3, 4, 2, 1, 2, 3, 4, 3, 4, 2, 3, 4, 3, 2, 1, 2, 3, 4, 3, 4, 2, 3, 4, 3, 1, 2, 3, 4, 3], [4, 3, 4, 3, 2, 3, 4, 3, 4, 2, 1, 2, 3, 4, 3, 4, 2, 3, 4, 3, 2, 1, 2, 3, 4, 3, 4, 2, 3, 4, 3, 1, 2, 3, 4, 3], [3, 4, 3, 4, 2, 3, 4, 3, 4, 2, 1, 2, 3, 4, 3, 4, 2, 3, 4, 3, 2, 1, 2, 3, 4, 3, 4, 2, 3, 4, 3, 1, 2, 3, 4, 3], [2, 3, 4, 3, 4, 2, 3, 1, 2, 3, 4, 3, 4, 2, 3, 4, 3, 2, 1, 2, 3, 4, 3, 4, 2, 3, 4, 3, 1, 2, 3, 4, 3], [3, 4, 3, 2, 3, 4, 3, 4, 2, 3, 1, 2, 3, 4, 3, 4, 2, 3, 4, 3, 2, 1, 2, 3, 4, 3, 4, 2, 3, 4, 3, 1, 2, 3, 4, 3], [4, 3, 4, 3, 2, 3, 4, 3, 4, 2, 3, 1, 2, 3, 4, 3, 4, 2, 3, 4, 3, 2, 1, 2, 3, 4, 3, 4, 2, 3, 4, 3, 1, 2, 3, 4, 3], [3, 4, 3, 4, 2, 3, 4, 3, 4, 2, 3, 1, 2, 3, 4, 3, 4, 2, 3, 4, 3, 2, 1, 2, 3, 4, 3, 4, 2, 3, 4, 3, 1, 2, 3, 4, 3], [2, 3, 4, 3, 4, 2, 3, 4, 1, 2, 3, 4, 3, 4, 2, 3, 4, 3, 2, 1, 2, 3, 4, 3, 4, 2, 3, 4, 3, 1, 2, 3, 4, 3], [3, 4, 3, 2, 3, 4, 3, 4, 2, 3, 4, 1, 2, 3, 4, 3, 4, 2, 3, 4, 3, 2, 1, 2, 3, 4, 3, 4, 2, 3, 4, 3, 1, 2, 3, 4, 3], [4, 3, 4, 3, 2, 3, 4, 3, 4, 2, 3, 4, 1, 2, 3, 4, 3, 4, 2, 3, 4, 3, 2, 1, 2, 3, 4, 3, 4, 2, 3, 4, 3, 1, 2, 3, 4, 3], [3, 4, 3, 4, 2, 3, 4, 3, 4, 2, 3, 4, 1, 2, 3, 4, 3, 4, 2, 3, 4, 3, 2, 1, 2, 3, 4, 3, 4, 2, 3, 4, 3, 1, 2, 3, 4, 3], [2, 3, 4, 3, 4, 2, 3, 4, 3, 1, 2, 3, 4, 3, 4, 2, 3, 4, 3, 2, 1, 2, 3, 4, 3, 4, 2, 3, 4, 3, 1, 2, 3, 4, 3], [3, 4, 3, 4, 2, 3, 4, 3, 4, 2, 3, 4, 3, 1, 2, 3, 4, 3, 4, 2, 3, 4, 3, 2, 1, 2, 3, 4, 3, 4, 2, 3, 4, 3, 1, 2, 3, 4, 3], [2, 3, 4, 3, 4, 2, 3, 4, 3, 2, 1, 2, 3, 4, 3, 4, 2, 3, 4, 3, 2, 1, 2, 3, 4, 3, 4, 2, 3, 4, 3, 1, 2, 3, 4, 3], [1, 2, 3, 4, 3, 4, 2, 3, 4, 3, 2, 1, 2, 3, 4, 3, 4, 2, 3, 4, 3, 1, 2, 3, 4, 3, 4], [2, 3, 4, 3, 2, 1, 2, 3, 4, 3, 4, 2, 3, 4, 3, 2, 1, 2, 3, 4, 3, 4, 2, 3, 4, 3, 1, 2, 3, 4, 3, 4], [3, 4, 2, 3, 4, 3, 2, 1, 2, 3, 4, 3, 4, 2, 3, 4, 3, 2, 1, 2, 3, 4, 3, 4, 2, 3, 4, 3, 1, 2, 3, 4, 3, 4], [4, 3, 4, 2, 3, 4, 3, 2, 1, 2, 3, 4, 3, 4, 2, 3, 4, 3, 2, 1, 2, 3, 4, 3, 4, 2, 3, 4, 3, 1, 2, 3, 4, 3, 4], [3, 4, 3, 2, 3, 4, 3, 2, 1, 2, 3, 4, 3, 4, 2, 3, 4, 3, 2, 1, 2, 3, 4, 3, 4, 2, 3, 4, 3, 1, 2, 3, 4, 3, 4], [4, 3, 4, 3, 2, 3, 4, 3, 2, 1, 2, 3, 4, 3, 4, 2, 3, 4, 3, 2, 1, 2, 3, 4, 3, 4, 2, 3, 4, 3, 1, 2, 3, 4, 3, 4], [3, 4, 3, 4, 2, 3, 4, 3, 2, 1, 2, 3, 4, 3, 4, 2, 3, 4, 3, 2, 1, 2, 3, 4, 3, 4, 2, 3, 4, 3, 1, 2, 3, 4, 3, 4], [2, 3, 4, 3, 4, 2, 3, 1, 2, 3, 4, 3, 4, 2, 3, 4, 3, 2, 1, 2, 3, 4, 3, 4, 2, 3, 4, 3, 1, 2, 3, 4, 3, 4], [3, 4, 3, 2, 3, 4, 3, 4, 2, 3, 1, 2, 3, 4, 3, 4, 2, 3, 4, 3, 2, 1, 2, 3, 4, 3, 4, 2, 3, 4, 3, 1, 2, 3, 4, 3, 4], [4, 3, 4, 3, 2, 3, 4, 3, 4, 2, 3, 1, 2, 3, 4, 3, 4, 2, 3, 4, 3, 2, 1, 2, 3, 4, 3, 4, 2, 3, 4, 3, 1, 2, 3, 4, 3, 4], [3, 4, 3, 4, 2, 3, 4, 3, 4, 2, 3, 1, 2, 3, 4, 3, 4, 2, 3, 4, 3, 2, 1, 2, 3, 4, 3, 4, 2, 3, 4, 3, 1, 2, 3, 4, 3, 4], [2, 3, 4, 3, 4, 2, 3, 4, 3, 1, 2, 3, 4, 3, 4, 2, 3, 4, 3, 2, 1, 2, 3, 4, 3, 4, 2, 3, 4, 3, 1, 2, 3, 4, 3, 4], [3, 4, 3, 4, 2, 3, 4, 3, 4, 2, 3, 4, 3, 1, 2, 3, 4, 3, 4, 2, 3, 4, 3, 2, 1, 2, 3, 4, 3, 4, 2, 3, 4, 3, 1, 2, 3, 4, 3, 4], [2, 3, 4, 3, 4, 2, 3, 4, 3, 2, 1, 2, 3, 4, 3, 4, 2, 3, 4, 3, 2, 1, 2, 3, 4, 3, 4, 2, 3, 4, 3, 1, 2, 3, 4, 3, 4], [1, 2, 3, 4, 3, 4, 2, 3, 4, 3, 1, 2, 3, 4, 3, 4, 2, 3, 4, 1, 2, 3, 4, 3, 2], [2, 3, 4, 3, 4, 1, 2, 3, 4, 3, 4, 2, 3, 4, 3, 1, 2, 3, 4, 3, 4, 2, 3, 4, 1, 2, 3, 4, 3, 2], [3, 4, 3, 2, 3, 4, 3, 4, 1, 2, 3, 4, 3, 4, 2, 3, 4, 3, 1, 2, 3, 4, 3, 4, 2, 3, 4, 1, 2, 3, 4, 3, 2], [4, 3, 4, 3, 2, 3, 4, 3, 4, 1, 2, 3, 4, 3, 4, 2, 3, 4, 3, 1, 2, 3, 4, 3, 4, 2, 3, 4, 1, 2, 3, 4, 3, 2], [3, 4, 3, 4, 2, 3, 4, 3, 4, 1, 2, 3, 4, 3, 4, 2, 3, 4, 3, 1, 2, 3, 4, 3, 4, 2, 3, 4, 1, 2, 3, 4, 3, 2], [2, 3, 4, 3, 4, 2, 3, 1, 2, 3, 4, 3, 4, 2, 3, 4, 3, 1, 2, 3, 4, 3, 4, 2, 3, 4, 1, 2, 3, 4, 3, 2], [3, 4, 3, 2, 3, 4, 3, 4, 2, 3, 1, 2, 3, 4, 3, 4, 2, 3, 4, 3, 1, 2, 3, 4, 3, 4, 2, 3, 4, 1, 2, 3, 4, 3, 2], [4, 3, 4, 3, 2, 3, 4, 3, 4, 2, 3, 1, 2, 3, 4, 3, 4, 2, 3, 4, 3, 1, 2, 3, 4, 3, 4, 2, 3, 4, 1, 2, 3, 4, 3, 2], [2, 3, 4, 3, 4, 2, 3, 4, 1, 2, 3, 4, 3, 4, 2, 3, 4, 3, 1, 2, 3, 4, 3, 4, 2, 3, 4, 1, 2, 3, 4, 3, 2], [3, 4, 3, 2, 3, 4, 3, 4, 2, 3, 4, 1, 2, 3, 4, 3, 4, 2, 3, 4, 3, 1, 2, 3, 4, 3, 4, 2, 3, 4, 1, 2, 3, 4, 3, 2], [4, 3, 4, 3, 2, 3, 4, 3, 4, 2, 3, 4, 1, 2, 3, 4, 3, 4, 2, 3, 4, 3, 1, 2, 3, 4, 3, 4, 2, 3, 4, 1, 2, 3, 4, 3, 2], [2, 3, 4, 3, 4, 2, 3, 4, 3, 1, 2, 3, 4, 3, 4, 2, 3, 4, 3, 1, 2, 3, 4, 3, 4, 2, 3, 4, 1, 2, 3, 4, 3, 2], [3, 4, 3, 4, 2, 3, 4, 3, 4, 2, 3, 4, 3, 1, 2, 3, 4, 3, 4, 2, 3, 4, 3, 1, 2, 3, 4, 3, 4, 2, 3, 4, 1, 2, 3, 4, 3, 2], [1, 2, 3, 4, 3, 4, 2, 3, 4, 3, 2, 1, 2, 3, 4, 3, 4, 2, 3, 4, 3, 2, 1, 2, 3, 4, 3, 2], [2, 3, 4, 3, 2, 1, 2, 3, 4, 3, 4, 2, 3, 4, 3, 2, 1, 2, 3, 4, 3, 4, 2, 3, 4, 3, 2, 1, 2, 3, 4, 3, 2], [3, 4, 2, 3, 4, 3, 2, 1, 2, 3, 4, 3, 4, 2, 3, 4, 3, 2, 1, 2, 3, 4, 3, 4, 2, 3, 4, 3, 2, 1, 2, 3, 4, 3, 2], [4, 3, 4, 2, 3, 4, 3, 2, 1, 2, 3, 4, 3, 4, 2, 3, 4, 3, 2, 1, 2, 3, 4, 3, 4, 2, 3, 4, 3, 2, 1, 2, 3, 4, 3, 2], [3, 4, 3, 4, 2, 3, 4, 3, 2, 1, 2, 3, 4, 3, 4, 2, 3, 4, 3, 2, 1, 2, 3, 4, 3, 4, 2, 3, 4, 3, 2, 1, 2, 3, 4, 3, 2], [2, 3, 4, 3, 4, 2, 1, 2, 3, 4, 3, 4, 2, 3, 4, 3, 2, 1, 2, 3, 4, 3, 4, 2, 3, 4, 3, 2, 1, 2, 3, 4, 3, 2], [3, 4, 3, 2, 3, 4, 3, 4, 2, 1, 2, 3, 4, 3, 4, 2, 3, 4, 3, 2, 1, 2, 3, 4, 3, 4, 2, 3, 4, 3, 2, 1, 2, 3, 4, 3, 2], [4, 3, 4, 3, 2, 3, 4, 3, 4, 2, 1, 2, 3, 4, 3, 4, 2, 3, 4, 3, 2, 1, 2, 3, 4, 3, 4, 2, 3, 4, 3, 2, 1, 2, 3, 4, 3, 2], [3, 4, 3, 4, 2, 3, 4, 3, 4, 2, 1, 2, 3, 4, 3, 4, 2, 3, 4, 3, 2, 1, 2, 3, 4, 3, 4, 2, 3, 4, 3, 2, 1, 2, 3, 4, 3, 2], [2, 3, 4, 3, 4, 2, 3, 4, 1, 2, 3, 4, 3, 4, 2, 3, 4, 3, 2, 1, 2, 3, 4, 3, 4, 2, 3, 4, 3, 2, 1, 2, 3, 4, 3, 2], [3, 4, 3, 2, 3, 4, 3, 4, 2, 3, 4, 1, 2, 3, 4, 3, 4, 2, 3, 4, 3, 2, 1, 2, 3, 4, 3, 4, 2, 3, 4, 3, 2, 1, 2, 3, 4, 3, 2], [4, 3, 4, 3, 2, 3, 4, 3, 4, 2, 3, 4, 1, 2, 3, 4, 3, 4, 2, 3, 4, 3, 2, 1, 2, 3, 4, 3, 4, 2, 3, 4, 3, 2, 1, 2, 3, 4, 3, 2], [3, 4, 3, 4, 2, 3, 4, 3, 4, 2, 3, 4, 1, 2, 3, 4, 3, 4, 2, 3, 4, 3, 2, 1, 2, 3, 4, 3, 4, 2, 3, 4, 3, 2, 1, 2, 3, 4, 3, 2], [2, 3, 4, 3, 4, 2, 3, 4, 3, 2, 1, 2, 3, 4, 3, 4, 2, 3, 4, 3, 2, 1, 2, 3, 4, 3, 4, 2, 3, 4, 3, 2, 1, 2, 3, 4, 3, 2], [1, 2, 3, 4, 3, 4, 2, 3, 4, 3, 2, 1, 2, 3, 4, 3, 4, 2, 3, 4, 3, 1, 2, 3, 4, 3, 4, 2, 3], [2, 3, 4, 3, 4, 2, 3, 1, 2, 3, 4, 3, 4, 2, 3, 4, 3, 2, 1, 2, 3, 4, 3, 4, 2, 3, 4, 3, 1, 2, 3, 4, 3, 4, 2, 3], [3, 4, 3, 2, 3, 4, 3, 4, 2, 3, 1, 2, 3, 4, 3, 4, 2, 3, 4, 3, 2, 1, 2, 3, 4, 3, 4, 2, 3, 4, 3, 1, 2, 3, 4, 3, 4, 2, 3], [4, 3, 4, 3, 2, 3, 4, 3, 4, 2, 3, 1, 2, 3, 4, 3, 4, 2, 3, 4, 3, 2, 1, 2, 3, 4, 3, 4, 2, 3, 4, 3, 1, 2, 3, 4, 3, 4, 2, 3], [2, 3, 4, 3, 4, 2, 3, 4, 3, 1, 2, 3, 4, 3, 4, 2, 3, 4, 3, 2, 1, 2, 3, 4, 3, 4, 2, 3, 4, 3, 1, 2, 3, 4, 3, 4, 2, 3], [3, 4, 3, 4, 2, 3, 4, 3, 4, 2, 3, 4, 3, 1, 2, 3, 4, 3, 4, 2, 3, 4, 3, 2, 1, 2, 3, 4, 3, 4, 2, 3, 4, 3, 1, 2, 3, 4, 3, 4, 2, 3], [1, 2, 3, 4, 3, 4, 2, 3, 4, 3, 2, 1, 2, 3, 4, 3, 4, 2, 3, 4, 3, 2, 1, 2, 3, 4, 3, 4, 2, 3], [2, 3, 4, 3, 2, 1, 2, 3, 4, 3, 4, 2, 3, 4, 3, 2, 1, 2, 3, 4, 3, 4, 2, 3, 4, 3, 2, 1, 2, 3, 4, 3, 4, 2, 3], [3, 4, 2, 3, 4, 3, 2, 1, 2, 3, 4, 3, 4, 2, 3, 4, 3, 2, 1, 2, 3, 4, 3, 4, 2, 3, 4, 3, 2, 1, 2, 3, 4, 3, 4, 2, 3], [4, 3, 4, 2, 3, 4, 3, 2, 1, 2, 3, 4, 3, 4, 2, 3, 4, 3, 2, 1, 2, 3, 4, 3, 4, 2, 3, 4, 3, 2, 1, 2, 3, 4, 3, 4, 2, 3], [3, 4, 3, 2, 3, 4, 3, 2, 1, 2, 3, 4, 3, 4, 2, 3, 4, 3, 2, 1, 2, 3, 4, 3, 4, 2, 3, 4, 3, 2, 1, 2, 3, 4, 3, 4, 2, 3], [4, 3, 4, 3, 2, 3, 4, 3, 2, 1, 2, 3, 4, 3, 4, 2, 3, 4, 3, 2, 1, 2, 3, 4, 3, 4, 2, 3, 4, 3, 2, 1, 2, 3, 4, 3, 4, 2, 3], [3, 4, 3, 4, 2, 3, 4, 3, 2, 1, 2, 3, 4, 3, 4, 2, 3, 4, 3, 2, 1, 2, 3, 4, 3, 4, 2, 3, 4, 3, 2, 1, 2, 3, 4, 3, 4, 2, 3], [2, 3, 4, 3, 4, 2, 3, 1, 2, 3, 4, 3, 4, 2, 3, 4, 3, 2, 1, 2, 3, 4, 3, 4, 2, 3, 4, 3, 2, 1, 2, 3, 4, 3, 4, 2, 3], [3, 4, 3, 2, 3, 4, 3, 4, 2, 3, 1, 2, 3, 4, 3, 4, 2, 3, 4, 3, 2, 1, 2, 3, 4, 3, 4, 2, 3, 4, 3, 2, 1, 2, 3, 4, 3, 4, 2, 3], [4, 3, 4, 3, 2, 3, 4, 3, 4, 2, 3, 1, 2, 3, 4, 3, 4, 2, 3, 4, 3, 2, 1, 2, 3, 4, 3, 4, 2, 3, 4, 3, 2, 1, 2, 3, 4, 3, 4, 2, 3], [3, 4, 3, 4, 2, 3, 4, 3, 4, 2, 3, 1, 2, 3, 4, 3, 4, 2, 3, 4, 3, 2, 1, 2, 3, 4, 3, 4, 2, 3, 4, 3, 2, 1, 2, 3, 4, 3, 4, 2, 3], [2, 3, 4, 3, 4, 2, 3, 4, 3, 1, 2, 3, 4, 3, 4, 2, 3, 4, 3, 2, 1, 2, 3, 4, 3, 4, 2, 3, 4, 3, 2, 1, 2, 3, 4, 3, 4, 2, 3], [3, 4, 3, 4, 2, 3, 4, 3, 4, 2, 3, 4, 3, 1, 2, 3, 4, 3, 4, 2, 3, 4, 3, 2, 1, 2, 3, 4, 3, 4, 2, 3, 4, 3, 2, 1, 2, 3, 4, 3, 4, 2, 3], [2, 3, 4, 3, 4, 2, 3, 4, 3, 2, 1, 2, 3, 4, 3, 4, 2, 3, 4, 3, 2, 1, 2, 3, 4, 3, 4, 2, 3, 4, 3, 2, 1, 2, 3, 4, 3, 4, 2, 3], [1, 2, 3, 4, 3, 4, 2, 3, 4, 3, 2, 1, 2, 3, 4, 3, 4, 2, 3, 4, 3, 2, 1, 2, 3, 4, 3, 4, 2, 3, 4], [2, 3, 4, 3, 2, 1, 2, 3, 4, 3, 4, 2, 3, 4, 3, 2, 1, 2, 3, 4, 3, 4, 2, 3, 4, 3, 2, 1, 2, 3, 4, 3, 4, 2, 3, 4], [3, 4, 2, 3, 4, 3, 2, 1, 2, 3, 4, 3, 4, 2, 3, 4, 3, 2, 1, 2, 3, 4, 3, 4, 2, 3, 4, 3, 2, 1, 2, 3, 4, 3, 4, 2, 3, 4], [4, 3, 4, 2, 3, 4, 3, 2, 1, 2, 3, 4, 3, 4, 2, 3, 4, 3, 2, 1, 2, 3, 4, 3, 4, 2, 3, 4, 3, 2, 1, 2, 3, 4, 3, 4, 2, 3, 4], [3, 4, 3, 2, 3, 4, 3, 2, 1, 2, 3, 4, 3, 4, 2, 3, 4, 3, 2, 1, 2, 3, 4, 3, 4, 2, 3, 4, 3, 2, 1, 2, 3, 4, 3, 4, 2, 3, 4], [4, 3, 4, 3, 2, 3, 4, 3, 2, 1, 2, 3, 4, 3, 4, 2, 3, 4, 3, 2, 1, 2, 3, 4, 3, 4, 2, 3, 4, 3, 2, 1, 2, 3, 4, 3, 4, 2, 3, 4], [3, 4, 3, 4, 2, 3, 4, 3, 2, 1, 2, 3, 4, 3, 4, 2, 3, 4, 3, 2, 1, 2, 3, 4, 3, 4, 2, 3, 4, 3, 2, 1, 2, 3, 4, 3, 4, 2, 3, 4], [2, 3, 4, 3, 4, 2, 3, 1, 2, 3, 4, 3, 4, 2, 3, 4, 3, 2, 1, 2, 3, 4, 3, 4, 2, 3, 4, 3, 2, 1, 2, 3, 4, 3, 4, 2, 3, 4], [3, 4, 3, 2, 3, 4, 3, 4, 2, 3, 1, 2, 3, 4, 3, 4, 2, 3, 4, 3, 2, 1, 2, 3, 4, 3, 4, 2, 3, 4, 3, 2, 1, 2, 3, 4, 3, 4, 2, 3, 4], [4, 3, 4, 3, 2, 3, 4, 3, 4, 2, 3, 1, 2, 3, 4, 3, 4, 2, 3, 4, 3, 2, 1, 2, 3, 4, 3, 4, 2, 3, 4, 3, 2, 1, 2, 3, 4, 3, 4, 2, 3, 4], [3, 4, 3, 4, 2, 3, 4, 3, 4, 2, 3, 1, 2, 3, 4, 3, 4, 2, 3, 4, 3, 2, 1, 2, 3, 4, 3, 4, 2, 3, 4, 3, 2, 1, 2, 3, 4, 3, 4, 2, 3, 4], [2, 3, 4, 3, 4, 2, 3, 4, 3, 1, 2, 3, 4, 3, 4, 2, 3, 4, 3, 2, 1, 2, 3, 4, 3, 4, 2, 3, 4, 3, 2, 1, 2, 3, 4, 3, 4, 2, 3, 4], [3, 4, 3, 4, 2, 3, 4, 3, 4, 2, 3, 4, 3, 1, 2, 3, 4, 3, 4, 2, 3, 4, 3, 2, 1, 2, 3, 4, 3, 4, 2, 3, 4, 3, 2, 1, 2, 3, 4, 3, 4, 2, 3, 4], [2, 3, 4, 3, 4, 2, 3, 4, 3, 2, 1, 2, 3, 4, 3, 4, 2, 3, 4, 3, 2, 1, 2, 3, 4, 3, 4, 2, 3, 4, 3, 2, 1, 2, 3, 4, 3, 4, 2, 3, 4], [1, 2, 3, 4, 3, 4, 2, 3, 4, 3, 2, 1, 2, 3, 4, 3, 4, 2, 3, 4, 3, 2, 1, 2, 3, 4, 3, 4, 2, 3, 4, 3], [2, 3, 4, 3, 2, 1, 2, 3, 4, 3, 4, 2, 3, 4, 3, 2, 1, 2, 3, 4, 3, 4, 2, 3, 4, 3, 2, 1, 2, 3, 4, 3, 4, 2, 3, 4, 3], [3, 4, 2, 3, 4, 3, 2, 1, 2, 3, 4, 3, 4, 2, 3, 4, 3, 2, 1, 2, 3, 4, 3, 4, 2, 3, 4, 3, 2, 1, 2, 3, 4, 3, 4, 2, 3, 4, 3], [4, 3, 4, 2, 3, 4, 3, 2, 1, 2, 3, 4, 3, 4, 2, 3, 4, 3, 2, 1, 2, 3, 4, 3, 4, 2, 3, 4, 3, 2, 1, 2, 3, 4, 3, 4, 2, 3, 4, 3], [3, 4, 3, 4, 2, 3, 4, 3, 2, 1, 2, 3, 4, 3, 4, 2, 3, 4, 3, 2, 1, 2, 3, 4, 3, 4, 2, 3, 4, 3, 2, 1, 2, 3, 4, 3, 4, 2, 3, 4, 3], [2, 3, 4, 3, 4, 2, 1, 2, 3, 4, 3, 4, 2, 3, 4, 3, 2, 1, 2, 3, 4, 3, 4, 2, 3, 4, 3, 2, 1, 2, 3, 4, 3, 4, 2, 3, 4, 3], [3, 4, 3, 2, 3, 4, 3, 4, 2, 1, 2, 3, 4, 3, 4, 2, 3, 4, 3, 2, 1, 2, 3, 4, 3, 4, 2, 3, 4, 3, 2, 1, 2, 3, 4, 3, 4, 2, 3, 4, 3], [4, 3, 4, 3, 2, 3, 4, 3, 4, 2, 1, 2, 3, 4, 3, 4, 2, 3, 4, 3, 2, 1, 2, 3, 4, 3, 4, 2, 3, 4, 3, 2, 1, 2, 3, 4, 3, 4, 2, 3, 4, 3], [3, 4, 3, 4, 2, 3, 4, 3, 4, 2, 1, 2, 3, 4, 3, 4, 2, 3, 4, 3, 2, 1, 2, 3, 4, 3, 4, 2, 3, 4, 3, 2, 1, 2, 3, 4, 3, 4, 2, 3, 4, 3], [2, 3, 4, 3, 4, 2, 3, 4, 1, 2, 3, 4, 3, 4, 2, 3, 4, 3, 2, 1, 2, 3, 4, 3, 4, 2, 3, 4, 3, 2, 1, 2, 3, 4, 3, 4, 2, 3, 4, 3], [3, 4, 3, 2, 3, 4, 3, 4, 2, 3, 4, 1, 2, 3, 4, 3, 4, 2, 3, 4, 3, 2, 1, 2, 3, 4, 3, 4, 2, 3, 4, 3, 2, 1, 2, 3, 4, 3, 4, 2, 3, 4, 3], [4, 3, 4, 3, 2, 3, 4, 3, 4, 2, 3, 4, 1, 2, 3, 4, 3, 4, 2, 3, 4, 3, 2, 1, 2, 3, 4, 3, 4, 2, 3, 4, 3, 2, 1, 2, 3, 4, 3, 4, 2, 3, 4, 3], [3, 4, 3, 4, 2, 3, 4, 3, 4, 2, 3, 4, 1, 2, 3, 4, 3, 4, 2, 3, 4, 3, 2, 1, 2, 3, 4, 3, 4, 2, 3, 4, 3, 2, 1, 2, 3, 4, 3, 4, 2, 3, 4, 3], [2, 3, 4, 3, 4, 2, 3, 4, 3, 2, 1, 2, 3, 4, 3, 4, 2, 3, 4, 3, 2, 1, 2, 3, 4, 3, 4, 2, 3, 4, 3, 2, 1, 2, 3, 4, 3, 4, 2, 3, 4, 3], [1, 2, 3, 4, 3, 4, 2, 3, 4, 3, 2, 1, 2, 3, 4, 3, 4, 2, 3, 4, 3, 2, 1, 2, 3, 4, 3, 4, 2, 3, 4, 3, 2], [2, 3, 4, 3, 2, 1, 2, 3, 4, 3, 4, 2, 3, 4, 3, 2, 1, 2, 3, 4, 3, 4, 2, 3, 4, 3, 2, 1, 2, 3, 4, 3, 4, 2, 3, 4, 3, 2], [3, 4, 2, 3, 4, 3, 2, 1, 2, 3, 4, 3, 4, 2, 3, 4, 3, 2, 1, 2, 3, 4, 3, 4, 2, 3, 4, 3, 2, 1, 2, 3, 4, 3, 4, 2, 3, 4, 3, 2], [4, 3, 4, 2, 3, 4, 3, 2, 1, 2, 3, 4, 3, 4, 2, 3, 4, 3, 2, 1, 2, 3, 4, 3, 4, 2, 3, 4, 3, 2, 1, 2, 3, 4, 3, 4, 2, 3, 4, 3, 2], [3, 4, 3, 4, 2, 3, 4, 3, 2, 1, 2, 3, 4, 3, 4, 2, 3, 4, 3, 2, 1, 2, 3, 4, 3, 4, 2, 3, 4, 3, 2, 1, 2, 3, 4, 3, 4, 2, 3, 4, 3, 2], [2, 3, 4, 3, 4, 2, 3, 4, 3, 2, 1, 2, 3, 4, 3, 4, 2, 3, 4, 3, 2, 1, 2, 3, 4, 3, 4, 2, 3, 4, 3, 2, 1, 2, 3, 4, 3, 4, 2, 3, 4, 3, 2], [1, 2, 3, 4, 3, 4, 2, 3, 4, 3, 1, 2, 3, 4, 3, 4, 2, 3, 4, 1, 2, 3, 4, 3, 2, 1], [2, 3, 4, 3, 4, 1, 2, 3, 4, 3, 4, 2, 3, 4, 3, 1, 2, 3, 4, 3, 4, 2, 3, 4, 1, 2, 3, 4, 3, 2, 1], [3, 4, 3, 2, 3, 4, 3, 4, 1, 2, 3, 4, 3, 4, 2, 3, 4, 3, 1, 2, 3, 4, 3, 4, 2, 3, 4, 1, 2, 3, 4, 3, 2, 1], [4, 3, 4, 3, 2, 3, 4, 3, 4, 1, 2, 3, 4, 3, 4, 2, 3, 4, 3, 1, 2, 3, 4, 3, 4, 2, 3, 4, 1, 2, 3, 4, 3, 2, 1], [2, 3, 4, 3, 4, 2, 3, 4, 1, 2, 3, 4, 3, 4, 2, 3, 4, 3, 1, 2, 3, 4, 3, 4, 2, 3, 4, 1, 2, 3, 4, 3, 2, 1], [3, 4, 3, 2, 3, 4, 3, 4, 2, 3, 4, 1, 2, 3, 4, 3, 4, 2, 3, 4, 3, 1, 2, 3, 4, 3, 4, 2, 3, 4, 1, 2, 3, 4, 3, 2, 1], [4, 3, 4, 3, 2, 3, 4, 3, 4, 2, 3, 4, 1, 2, 3, 4, 3, 4, 2, 3, 4, 3, 1, 2, 3, 4, 3, 4, 2, 3, 4, 1, 2, 3, 4, 3, 2, 1], [1, 2, 3, 4, 3, 4, 2, 3, 4, 3, 2, 1, 2, 3, 4, 3, 4, 2, 3, 4, 3, 2, 1, 2, 3, 4, 3, 4, 2, 3, 4, 3, 2, 1], [2, 3, 4, 3, 2, 1, 2, 3, 4, 3, 4, 2, 3, 4, 3, 2, 1, 2, 3, 4, 3, 4, 2, 3, 4, 3, 2, 1, 2, 3, 4, 3, 4, 2, 3, 4, 3, 2, 1], [3, 4, 2, 3, 4, 3, 2, 1, 2, 3, 4, 3, 4, 2, 3, 4, 3, 2, 1, 2, 3, 4, 3, 4, 2, 3, 4, 3, 2, 1, 2, 3, 4, 3, 4, 2, 3, 4, 3, 2, 1], [4, 3, 4, 2, 3, 4, 3, 2, 1, 2, 3, 4, 3, 4, 2, 3, 4, 3, 2, 1, 2, 3, 4, 3, 4, 2, 3, 4, 3, 2, 1, 2, 3, 4, 3, 4, 2, 3, 4, 3, 2, 1], [3, 4, 3, 4, 2, 3, 4, 3, 2, 1, 2, 3, 4, 3, 4, 2, 3, 4, 3, 2, 1, 2, 3, 4, 3, 4, 2, 3, 4, 3, 2, 1, 2, 3, 4, 3, 4, 2, 3, 4, 3, 2, 1], [2, 3, 4, 3, 4, 2, 3, 4, 3, 2, 1, 2, 3, 4, 3, 4, 2, 3, 4, 3, 2, 1, 2, 3, 4, 3, 4, 2, 3, 4, 3, 2, 1, 2, 3, 4, 3, 4, 2, 3, 4, 3, 2, 1], [1, 2, 3, 4, 3, 4, 2, 3, 4, 3, 2, 1, 2, 3, 4, 3, 4, 2, 3, 4, 3, 1, 2, 3, 4, 3, 4, 2, 3, 1, 2], [2, 3, 4, 3, 4, 2, 3, 1, 2, 3, 4, 3, 4, 2, 3, 4, 3, 2, 1, 2, 3, 4, 3, 4, 2, 3, 4, 3, 1, 2, 3, 4, 3, 4, 2, 3, 1, 2], [3, 4, 3, 2, 3, 4, 3, 4, 2, 3, 1, 2, 3, 4, 3, 4, 2, 3, 4, 3, 2, 1, 2, 3, 4, 3, 4, 2, 3, 4, 3, 1, 2, 3, 4, 3, 4, 2, 3, 1, 2], [4, 3, 4, 3, 2, 3, 4, 3, 4, 2, 3, 1, 2, 3, 4, 3, 4, 2, 3, 4, 3, 2, 1, 2, 3, 4, 3, 4, 2, 3, 4, 3, 1, 2, 3, 4, 3, 4, 2, 3, 1, 2], [2, 3, 4, 3, 4, 2, 3, 4, 3, 1, 2, 3, 4, 3, 4, 2, 3, 4, 3, 2, 1, 2, 3, 4, 3, 4, 2, 3, 4, 3, 1, 2, 3, 4, 3, 4, 2, 3, 1, 2], [3, 4, 3, 4, 2, 3, 4, 3, 4, 2, 3, 4, 3, 1, 2, 3, 4, 3, 4, 2, 3, 4, 3, 2, 1, 2, 3, 4, 3, 4, 2, 3, 4, 3, 1, 2, 3, 4, 3, 4, 2, 3, 1, 2], [1, 2, 3, 4, 3, 4, 2, 3, 4, 3, 2, 1, 2, 3, 4, 3, 4, 2, 3, 4, 3, 2, 1, 2, 3, 4, 3, 4, 2, 3, 4, 3, 1, 2], [2, 3, 4, 3, 4, 2, 1, 2, 3, 4, 3, 4, 2, 3, 4, 3, 2, 1, 2, 3, 4, 3, 4, 2, 3, 4, 3, 2, 1, 2, 3, 4, 3, 4, 2, 3, 4, 3, 1, 2], [3, 4, 3, 2, 3, 4, 3, 4, 2, 1, 2, 3, 4, 3, 4, 2, 3, 4, 3, 2, 1, 2, 3, 4, 3, 4, 2, 3, 4, 3, 2, 1, 2, 3, 4, 3, 4, 2, 3, 4, 3, 1, 2], [4, 3, 4, 3, 2, 3, 4, 3, 4, 2, 1, 2, 3, 4, 3, 4, 2, 3, 4, 3, 2, 1, 2, 3, 4, 3, 4, 2, 3, 4, 3, 2, 1, 2, 3, 4, 3, 4, 2, 3, 4, 3, 1, 2], [3, 4, 3, 4, 2, 3, 4, 3, 4, 2, 1, 2, 3, 4, 3, 4, 2, 3, 4, 3, 2, 1, 2, 3, 4, 3, 4, 2, 3, 4, 3, 2, 1, 2, 3, 4, 3, 4, 2, 3, 4, 3, 1, 2], [2, 3, 4, 3, 4, 2, 3, 4, 1, 2, 3, 4, 3, 4, 2, 3, 4, 3, 2, 1, 2, 3, 4, 3, 4, 2, 3, 4, 3, 2, 1, 2, 3, 4, 3, 4, 2, 3, 4, 3, 1, 2], [3, 4, 3, 2, 3, 4, 3, 4, 2, 3, 4, 1, 2, 3, 4, 3, 4, 2, 3, 4, 3, 2, 1, 2, 3, 4, 3, 4, 2, 3, 4, 3, 2, 1, 2, 3, 4, 3, 4, 2, 3, 4, 3, 1, 2], [4, 3, 4, 3, 2, 3, 4, 3, 4, 2, 3, 4, 1, 2, 3, 4, 3, 4, 2, 3, 4, 3, 2, 1, 2, 3, 4, 3, 4, 2, 3, 4, 3, 2, 1, 2, 3, 4, 3, 4, 2, 3, 4, 3, 1, 2], [3, 4, 3, 4, 2, 3, 4, 3, 4, 2, 3, 4, 1, 2, 3, 4, 3, 4, 2, 3, 4, 3, 2, 1, 2, 3, 4, 3, 4, 2, 3, 4, 3, 2, 1, 2, 3, 4, 3, 4, 2, 3, 4, 3, 1, 2], [2, 3, 4, 3, 4, 2, 3, 4, 3, 2, 1, 2, 3, 4, 3, 4, 2, 3, 4, 3, 2, 1, 2, 3, 4, 3, 4, 2, 3, 4, 3, 2, 1, 2, 3, 4, 3, 4, 2, 3, 4, 3, 1, 2], [1, 2, 3, 4, 3, 4, 2, 3, 4, 3, 2, 1, 2, 3, 4, 3, 4, 2, 3, 4, 3, 2, 1, 2, 3, 4, 3, 4, 2, 3, 4, 1, 2, 3], [2, 3, 4, 3, 4, 2, 3, 1, 2, 3, 4, 3, 4, 2, 3, 4, 3, 2, 1, 2, 3, 4, 3, 4, 2, 3, 4, 3, 2, 1, 2, 3, 4, 3, 4, 2, 3, 4, 1, 2, 3], [3, 4, 3, 2, 3, 4, 3, 4, 2, 3, 1, 2, 3, 4, 3, 4, 2, 3, 4, 3, 2, 1, 2, 3, 4, 3, 4, 2, 3, 4, 3, 2, 1, 2, 3, 4, 3, 4, 2, 3, 4, 1, 2, 3], [4, 3, 4, 3, 2, 3, 4, 3, 4, 2, 3, 1, 2, 3, 4, 3, 4, 2, 3, 4, 3, 2, 1, 2, 3, 4, 3, 4, 2, 3, 4, 3, 2, 1, 2, 3, 4, 3, 4, 2, 3, 4, 1, 2, 3], [3, 4, 3, 4, 2, 3, 4, 3, 4, 2, 3, 1, 2, 3, 4, 3, 4, 2, 3, 4, 3, 2, 1, 2, 3, 4, 3, 4, 2, 3, 4, 3, 2, 1, 2, 3, 4, 3, 4, 2, 3, 4, 1, 2, 3], [2, 3, 4, 3, 4, 2, 3, 4, 3, 1, 2, 3, 4, 3, 4, 2, 3, 4, 3, 2, 1, 2, 3, 4, 3, 4, 2, 3, 4, 3, 2, 1, 2, 3, 4, 3, 4, 2, 3, 4, 1, 2, 3], [3, 4, 3, 4, 2, 3, 4, 3, 4, 2, 3, 4, 3, 1, 2, 3, 4, 3, 4, 2, 3, 4, 3, 2, 1, 2, 3, 4, 3, 4, 2, 3, 4, 3, 2, 1, 2, 3, 4, 3, 4, 2, 3, 4, 1, 2, 3], [2, 3, 4, 3, 4, 2, 3, 4, 3, 2, 1, 2, 3, 4, 3, 4, 2, 3, 4, 3, 2, 1, 2, 3, 4, 3, 4, 2, 3, 4, 3, 2, 1, 2, 3, 4, 3, 4, 2, 3, 4, 1, 2, 3], [1, 2, 3, 4, 3, 4, 2, 3, 4, 3, 2, 1, 2, 3, 4, 3, 4, 2, 3, 4, 3, 2, 1, 2, 3, 4, 3, 4, 2, 3, 4, 1, 2, 3, 4], [2, 3, 4, 3, 4, 2, 3, 1, 2, 3, 4, 3, 4, 2, 3, 4, 3, 2, 1, 2, 3, 4, 3, 4, 2, 3, 4, 3, 2, 1, 2, 3, 4, 3, 4, 2, 3, 4, 1, 2, 3, 4], [3, 4, 3, 2, 3, 4, 3, 4, 2, 3, 1, 2, 3, 4, 3, 4, 2, 3, 4, 3, 2, 1, 2, 3, 4, 3, 4, 2, 3, 4, 3, 2, 1, 2, 3, 4, 3, 4, 2, 3, 4, 1, 2, 3, 4], [4, 3, 4, 3, 2, 3, 4, 3, 4, 2, 3, 1, 2, 3, 4, 3, 4, 2, 3, 4, 3, 2, 1, 2, 3, 4, 3, 4, 2, 3, 4, 3, 2, 1, 2, 3, 4, 3, 4, 2, 3, 4, 1, 2, 3, 4], [2, 3, 4, 3, 4, 2, 3, 4, 3, 1, 2, 3, 4, 3, 4, 2, 3, 4, 3, 2, 1, 2, 3, 4, 3, 4, 2, 3, 4, 3, 2, 1, 2, 3, 4, 3, 4, 2, 3, 4, 1, 2, 3, 4], [3, 4, 3, 4, 2, 3, 4, 3, 4, 2, 3, 4, 3, 1, 2, 3, 4, 3, 4, 2, 3, 4, 3, 2, 1, 2, 3, 4, 3, 4, 2, 3, 4, 3, 2, 1, 2, 3, 4, 3, 4, 2, 3, 4, 1, 2, 3, 4], [1, 2, 3, 4, 3, 4, 2, 3, 4, 3, 2, 1, 2, 3, 4, 3, 4, 2, 3, 4, 3, 2, 1, 2, 3, 4, 3, 4, 2, 3, 4, 3, 1, 2, 3, 4, 3], [2, 3, 4, 3, 4, 2, 3, 1, 2, 3, 4, 3, 4, 2, 3, 4, 3, 2, 1, 2, 3, 4, 3, 4, 2, 3, 4, 3, 2, 1, 2, 3, 4, 3, 4, 2, 3, 4, 3, 1, 2, 3, 4, 3], [3, 4, 3, 2, 3, 4, 3, 4, 2, 3, 1, 2, 3, 4, 3, 4, 2, 3, 4, 3, 2, 1, 2, 3, 4, 3, 4, 2, 3, 4, 3, 2, 1, 2, 3, 4, 3, 4, 2, 3, 4, 3, 1, 2, 3, 4, 3], [4, 3, 4, 3, 2, 3, 4, 3, 4, 2, 3, 1, 2, 3, 4, 3, 4, 2, 3, 4, 3, 2, 1, 2, 3, 4, 3, 4, 2, 3, 4, 3, 2, 1, 2, 3, 4, 3, 4, 2, 3, 4, 3, 1, 2, 3, 4, 3], [2, 3, 4, 3, 4, 2, 3, 4, 1, 2, 3, 4, 3, 4, 2, 3, 4, 3, 2, 1, 2, 3, 4, 3, 4, 2, 3, 4, 3, 2, 1, 2, 3, 4, 3, 4, 2, 3, 4, 3, 1, 2, 3, 4, 3], [3, 4, 3, 2, 3, 4, 3, 4, 2, 3, 4, 1, 2, 3, 4, 3, 4, 2, 3, 4, 3, 2, 1, 2, 3, 4, 3, 4, 2, 3, 4, 3, 2, 1, 2, 3, 4, 3, 4, 2, 3, 4, 3, 1, 2, 3, 4, 3], [4, 3, 4, 3, 2, 3, 4, 3, 4, 2, 3, 4, 1, 2, 3, 4, 3, 4, 2, 3, 4, 3, 2, 1, 2, 3, 4, 3, 4, 2, 3, 4, 3, 2, 1, 2, 3, 4, 3, 4, 2, 3, 4, 3, 1, 2, 3, 4, 3], [2, 3, 4, 3, 4, 2, 3, 4, 3, 1, 2, 3, 4, 3, 4, 2, 3, 4, 3, 2, 1, 2, 3, 4, 3, 4, 2, 3, 4, 3, 2, 1, 2, 3, 4, 3, 4, 2, 3, 4, 3, 1, 2, 3, 4, 3], [3, 4, 3, 4, 2, 3, 4, 3, 4, 2, 3, 4, 3, 1, 2, 3, 4, 3, 4, 2, 3, 4, 3, 2, 1, 2, 3, 4, 3, 4, 2, 3, 4, 3, 2, 1, 2, 3, 4, 3, 4, 2, 3, 4, 3, 1, 2, 3, 4, 3], [1, 2, 3, 4, 3, 4, 2, 3, 4, 3, 2, 1, 2, 3, 4, 3, 4, 2, 3, 4, 3, 2, 1, 2, 3, 4, 3, 4, 2, 3, 4, 3, 1, 2, 3, 4, 3, 4], [2, 3, 4, 3, 4, 2, 3, 4, 1, 2, 3, 4, 3, 4, 2, 3, 4, 3, 2, 1, 2, 3, 4, 3, 4, 2, 3, 4, 3, 2, 1, 2, 3, 4, 3, 4, 2, 3, 4, 3, 1, 2, 3, 4, 3, 4], [3, 4, 3, 2, 3, 4, 3, 4, 2, 3, 4, 1, 2, 3, 4, 3, 4, 2, 3, 4, 3, 2, 1, 2, 3, 4, 3, 4, 2, 3, 4, 3, 2, 1, 2, 3, 4, 3, 4, 2, 3, 4, 3, 1, 2, 3, 4, 3, 4], [4, 3, 4, 3, 2, 3, 4, 3, 4, 2, 3, 4, 1, 2, 3, 4, 3, 4, 2, 3, 4, 3, 2, 1, 2, 3, 4, 3, 4, 2, 3, 4, 3, 2, 1, 2, 3, 4, 3, 4, 2, 3, 4, 3, 1, 2, 3, 4, 3, 4], [1, 2, 3, 4, 3, 4, 2, 3, 4, 3, 2, 1, 2, 3, 4, 3, 4, 2, 3, 4, 3, 2, 1, 2, 3, 4, 3, 4, 2, 3, 4, 3, 2, 1, 2, 3, 4, 3, 2], [2, 3, 4, 3, 4, 2, 3, 1, 2, 3, 4, 3, 4, 2, 3, 4, 3, 2, 1, 2, 3, 4, 3, 4, 2, 3, 4, 3, 2, 1, 2, 3, 4, 3, 4, 2, 3, 4, 3, 2, 1, 2, 3, 4, 3, 2], [3, 4, 3, 2, 3, 4, 3, 4, 2, 3, 1, 2, 3, 4, 3, 4, 2, 3, 4, 3, 2, 1, 2, 3, 4, 3, 4, 2, 3, 4, 3, 2, 1, 2, 3, 4, 3, 4, 2, 3, 4, 3, 2, 1, 2, 3, 4, 3, 2], [4, 3, 4, 3, 2, 3, 4, 3, 4, 2, 3, 1, 2, 3, 4, 3, 4, 2, 3, 4, 3, 2, 1, 2, 3, 4, 3, 4, 2, 3, 4, 3, 2, 1, 2, 3, 4, 3, 4, 2, 3, 4, 3, 2, 1, 2, 3, 4, 3, 2], [2, 3, 4, 3, 4, 2, 3, 4, 3, 1, 2, 3, 4, 3, 4, 2, 3, 4, 3, 2, 1, 2, 3, 4, 3, 4, 2, 3, 4, 3, 2, 1, 2, 3, 4, 3, 4, 2, 3, 4, 3, 2, 1, 2, 3, 4, 3, 2], [3, 4, 3, 4, 2, 3, 4, 3, 4, 2, 3, 4, 3, 1, 2, 3, 4, 3, 4, 2, 3, 4, 3, 2, 1, 2, 3, 4, 3, 4, 2, 3, 4, 3, 2, 1, 2, 3, 4, 3, 4, 2, 3, 4, 3, 2, 1, 2, 3, 4, 3, 2], [1, 2, 3, 4, 3, 4, 2, 3, 4, 3, 2, 1, 2, 3, 4, 3, 4, 2, 3, 4, 3, 2, 1, 2, 3, 4, 3, 4, 2, 3, 4, 3, 2, 1, 2, 3, 4, 3, 4, 2, 3], [2, 3, 4, 3, 4, 2, 3, 4, 1, 2, 3, 4, 3, 4, 2, 3, 4, 3, 2, 1, 2, 3, 4, 3, 4, 2, 3, 4, 3, 2, 1, 2, 3, 4, 3, 4, 2, 3, 4, 3, 2, 1, 2, 3, 4, 3, 4, 2, 3], [3, 4, 3, 2, 3, 4, 3, 4, 2, 3, 4, 1, 2, 3, 4, 3, 4, 2, 3, 4, 3, 2, 1, 2, 3, 4, 3, 4, 2, 3, 4, 3, 2, 1, 2, 3, 4, 3, 4, 2, 3, 4, 3, 2, 1, 2, 3, 4, 3, 4, 2, 3], [4, 3, 4, 3, 2, 3, 4, 3, 4, 2, 3, 4, 1, 2, 3, 4, 3, 4, 2, 3, 4, 3, 2, 1, 2, 3, 4, 3, 4, 2, 3, 4, 3, 2, 1, 2, 3, 4, 3, 4, 2, 3, 4, 3, 2, 1, 2, 3, 4, 3, 4, 2, 3], [1, 2, 3, 4, 3, 4, 2, 3, 4, 3, 2, 1, 2, 3, 4, 3, 4, 2, 3, 4, 3, 2, 1, 2, 3, 4, 3, 4, 2, 3, 4, 3, 2, 1, 2, 3, 4, 3, 4, 2, 3, 4], [2, 3, 4, 3, 4, 2, 3, 4, 1, 2, 3, 4, 3, 4, 2, 3, 4, 3, 2, 1, 2, 3, 4, 3, 4, 2, 3, 4, 3, 2, 1, 2, 3, 4, 3, 4, 2, 3, 4, 3, 2, 1, 2, 3, 4, 3, 4, 2, 3, 4], [3, 4, 3, 2, 3, 4, 3, 4, 2, 3, 4, 1, 2, 3, 4, 3, 4, 2, 3, 4, 3, 2, 1, 2, 3, 4, 3, 4, 2, 3, 4, 3, 2, 1, 2, 3, 4, 3, 4, 2, 3, 4, 3, 2, 1, 2, 3, 4, 3, 4, 2, 3, 4], [4, 3, 4, 3, 2, 3, 4, 3, 4, 2, 3, 4, 1, 2, 3, 4, 3, 4, 2, 3, 4, 3, 2, 1, 2, 3, 4, 3, 4, 2, 3, 4, 3, 2, 1, 2, 3, 4, 3, 4, 2, 3, 4, 3, 2, 1, 2, 3, 4, 3, 4, 2, 3, 4], [1, 2, 3, 4, 3, 4, 2, 3, 4, 3, 2, 1, 2, 3, 4, 3, 4, 2, 3, 4, 3, 2, 1, 2, 3, 4, 3, 4, 2, 3, 4, 3, 2, 1, 2, 3, 4, 3, 4, 2, 3, 4, 3], [2, 3, 4, 3, 4, 2, 3, 4, 3, 1, 2, 3, 4, 3, 4, 2, 3, 4, 3, 2, 1, 2, 3, 4, 3, 4, 2, 3, 4, 3, 2, 1, 2, 3, 4, 3, 4, 2, 3, 4, 3, 2, 1, 2, 3, 4, 3, 4, 2, 3, 4, 3], [3, 4, 3, 4, 2, 3, 4, 3, 4, 2, 3, 4, 3, 1, 2, 3, 4, 3, 4, 2, 3, 4, 3, 2, 1, 2, 3, 4, 3, 4, 2, 3, 4, 3, 2, 1, 2, 3, 4, 3, 4, 2, 3, 4, 3, 2, 1, 2, 3, 4, 3, 4, 2, 3, 4, 3], [1, 2, 3, 4, 3, 4, 2, 3, 4, 3, 2, 1, 2, 3, 4, 3, 4, 2, 3, 4, 3, 2, 1, 2, 3, 4, 3, 4, 2, 3, 4, 3, 2, 1, 2, 3, 4, 3, 4, 2, 3, 4, 3, 2], [2, 3, 4, 3, 4, 2, 3, 4, 3, 2, 1, 2, 3, 4, 3, 4, 2, 3, 4, 3, 2, 1, 2, 3, 4, 3, 4, 2, 3, 4, 3, 2, 1, 2, 3, 4, 3, 4, 2, 3, 4, 3, 2, 1, 2, 3, 4, 3, 4, 2, 3, 4, 3, 2], [1, 2, 3, 4, 3, 4, 2, 3, 4, 3, 2, 1, 2, 3, 4, 3, 4, 2, 3, 4, 3, 2, 1, 2, 3, 4, 3, 4, 2, 3, 4, 3, 2, 1, 2, 3, 4, 3, 4, 2, 3, 4, 3, 2, 1]]

#join_irreducibles = dissectors: 469

join_irreducibles = [[4], [3], [2], [1], [4, 3], [3, 4], [3, 2], [2, 3], [2, 1], [1, 2], [4, 3, 4], [4, 3, 2], [3, 4, 3], [3, 2, 1], [2, 3, 4], [1, 2, 3], [4, 3, 4, 3], [4, 3, 2, 1], [3, 4, 3, 4], [3, 4, 2, 3], [3, 4, 3, 2], [2, 3, 4, 3], [2, 3, 1, 2], [1, 2, 3, 4], [4, 3, 4, 2, 3], [4, 3, 4, 3, 2], [3, 4, 2, 3, 4], [3, 4, 3, 2, 1], [2, 3, 4, 3, 4], [2, 3, 4, 3, 2], [1, 2, 3, 4, 3], [4, 3, 4, 2, 3, 4], [4, 3, 4, 3, 2, 1], [3, 4, 3, 4, 2, 3], [3, 4, 2, 3, 4, 3], [3, 4, 2, 3, 1, 2], [2, 3, 4, 1, 2, 3], [2, 3, 4, 3, 2, 1], [1, 2, 3, 4, 3, 4], [1, 2, 3, 4, 3, 2], [4, 3, 4, 2, 3, 4, 3], [4, 3, 4, 2, 3, 1, 2], [3, 4, 3, 4, 2, 3, 4], [3, 4, 2, 3, 4, 3, 2], [2, 3, 4, 1, 2, 3, 4], [2, 3, 4, 3, 4, 2, 3], [1, 2, 3, 4, 3, 2, 1], [4, 3, 4, 3, 2, 3, 4, 3], [4, 3, 4, 2, 3, 4, 3, 2], [3, 4, 3, 2, 3, 4, 3, 4], [3, 4, 3, 4, 2, 3, 4, 3], [3, 4, 2, 3, 4, 1, 2, 3], [3, 4, 3, 4, 2, 3, 1, 2], [3, 4, 2, 3, 4, 3, 2, 1], [2, 3, 4, 3, 4, 2, 3, 4], [2, 3, 4, 1, 2, 3, 4, 3], [1, 2, 3, 4, 3, 4, 2, 3], [4, 3, 4, 3, 2, 3, 4, 3, 4], [4, 3, 4, 2, 3, 4, 1, 2, 3], [4, 3, 4, 2, 3, 4, 3, 2, 1], [3, 4, 2, 3, 4, 1, 2, 3, 4], [3, 4, 3, 4, 2, 3, 4, 3, 2], [2, 3, 4, 3, 4, 2, 3, 4, 3], [2, 3, 4, 3, 4, 2, 3, 1, 2], [2, 3, 4, 1, 2, 3, 4, 3, 2], [1, 2, 3, 4, 3, 4, 2, 3, 4], [4, 3, 4, 2, 3, 4, 1, 2, 3, 4], [4, 3, 4, 3, 2, 3, 4, 3, 1, 2], [3, 4, 3, 2, 3, 4, 3, 4, 2, 3], [3, 4, 2, 3, 4, 1, 2, 3, 4, 3], [3, 4, 3, 4, 2, 3, 4, 1, 2, 3], [3, 4, 3, 4, 2, 3, 4, 3, 2, 1], [2, 3, 4, 3, 1, 2, 3, 4, 3, 4], [2, 3, 4, 3, 4, 2, 3, 4, 3, 2], [2, 3, 4, 1, 2, 3, 4, 3, 2, 1], [1, 2, 3, 4, 3, 4, 2, 3, 4, 3], [1, 2, 3, 4, 3, 4, 2, 3, 1, 2], [4, 3, 4, 3, 2, 3, 4, 3, 4, 2, 3], [4, 3, 4, 2, 3, 4, 1, 2, 3, 4, 3], [3, 4, 3, 2, 3, 4, 3, 4, 2, 3, 4], [3, 4, 3, 4, 2, 3, 4, 1, 2, 3, 4], [3, 4, 2, 3, 4, 1, 2, 3, 4, 3, 2], [2, 3, 4, 3, 4, 2, 3, 4, 1, 2, 3], [2, 3, 4, 3, 4, 2, 3, 4, 3, 2, 1], [1, 2, 3, 4, 3, 4, 2, 3, 4, 3, 2], [4, 3, 4, 3, 2, 3, 4, 3, 4, 2, 3, 4], [4, 3, 4, 3, 2, 3, 4, 3, 4, 1, 2, 3], [4, 3, 4, 2, 3, 4, 1, 2, 3, 4, 3, 2], [3, 4, 2, 3, 4, 3, 1, 2, 3, 4, 3, 4], [3, 4, 3, 4, 2, 3, 4, 1, 2, 3, 4, 3], [3, 4, 3, 2, 3, 4, 3, 4, 2, 3, 1, 2], [3, 4, 2, 3, 4, 1, 2, 3, 4, 3, 2, 1], [2, 3, 4, 3, 4, 2, 3, 4, 1, 2, 3, 4], [2, 3, 4, 3, 1, 2, 3, 4, 3, 4, 2, 3], [1, 2, 3, 4, 3, 4, 2, 3, 4, 1, 2, 3], [1, 2, 3, 4, 3, 4, 2, 3, 4, 3, 2, 1], [4, 3, 4, 2, 3, 4, 3, 1, 2, 3, 4, 3, 4], [4, 3, 4, 3, 2, 3, 4, 3, 4, 1, 2, 3, 4], [4, 3, 4, 3, 2, 3, 4, 3, 4, 2, 3, 1, 2], [4, 3, 4, 2, 3, 4, 1, 2, 3, 4, 3, 2, 1], [3, 4, 3, 4, 2, 3, 4, 3, 4, 2, 3, 4, 3], [3, 4, 3, 2, 3, 4, 3, 4, 1, 2, 3, 4, 3], [3, 4, 3, 4, 2, 3, 4, 3, 1, 2, 3, 4, 3], [3, 4, 3, 4, 2, 3, 4, 1, 2, 3, 4, 3, 2], [2, 3, 4, 3, 1, 2, 3, 4, 3, 4, 2, 3, 4], [2, 3, 4, 3, 4, 2, 3, 4, 1, 2, 3, 4, 3], [1, 2, 3, 4, 3, 4, 2, 3, 4, 1, 2, 3, 4], [4, 3, 4, 3, 2, 3, 4, 3, 4, 1, 2, 3, 4, 3], [3, 4, 3, 4, 2, 3, 4, 3, 1, 2, 3, 4, 3, 4], [3, 4, 3, 2, 3, 4, 3, 4, 2, 3, 4, 1, 2, 3], [3, 4, 2, 3, 4, 3, 1, 2, 3, 4, 3, 4, 2, 3], [3, 4, 3, 2, 3, 4, 3, 4, 1, 2, 3, 4, 3, 2], [3, 4, 3, 4, 2, 3, 4, 1, 2, 3, 4, 3, 2, 1], [2, 3, 4, 3, 4, 2, 3, 4, 3, 1, 2, 3, 4, 3], [2, 3, 4, 3, 4, 2, 3, 4, 1, 2, 3, 4, 3, 2], [2, 3, 4, 3, 1, 2, 3, 4, 3, 4, 2, 3, 1, 2], [1, 2, 3, 4, 3, 4, 2, 3, 4, 1, 2, 3, 4, 3], [4, 3, 4, 3, 2, 3, 4, 3, 4, 2, 3, 4, 1, 2, 3], [4, 3, 4, 2, 3, 4, 3, 1, 2, 3, 4, 3, 4, 2, 3], [4, 3, 4, 3, 2, 3, 4, 3, 4, 1, 2, 3, 4, 3, 2], [3, 4, 3, 2, 3, 4, 3, 4, 2, 3, 4, 1, 2, 3, 4], [3, 4, 2, 3, 4, 3, 1, 2, 3, 4, 3, 4, 2, 3, 4], [3, 4, 3, 4, 2, 3, 4, 3, 4, 2, 3, 4, 3, 1, 2], [3, 4, 3, 4, 2, 3, 4, 3, 2, 1, 2, 3, 4, 3, 2], [3, 4, 3, 2, 3, 4, 3, 4, 1, 2, 3, 4, 3, 2, 1], [2, 3, 4, 3, 4, 2, 3, 4, 3, 1, 2, 3, 4, 3, 4], [2, 3, 4, 3, 4, 1, 2, 3, 4, 3, 4, 2, 3, 4, 3], [2, 3, 4, 3, 2, 1, 2, 3, 4, 3, 4, 2, 3, 4, 3], [2, 3, 4, 3, 4, 2, 3, 4, 1, 2, 3, 4, 3, 2, 1], [1, 2, 3, 4, 3, 4, 2, 3, 4, 3, 1, 2, 3, 4, 3], [1, 2, 3, 4, 3, 4, 2, 3, 4, 1, 2, 3, 4, 3, 2], [4, 3, 4, 3, 2, 3, 4, 3, 4, 2, 3, 4, 1, 2, 3, 4], [4, 3, 4, 2, 3, 4, 3, 1, 2, 3, 4, 3, 4, 2, 3, 4], [4, 3, 4, 3, 2, 3, 4, 3, 4, 1, 2, 3, 4, 3, 2, 1], [3, 4, 3, 2, 3, 4, 3, 4, 2, 3, 4, 1, 2, 3, 4, 3], [3, 4, 3, 4, 2, 3, 4, 3, 1, 2, 3, 4, 3, 4, 2, 3], [3, 4, 2, 3, 4, 3, 1, 2, 3, 4, 3, 4, 2, 3, 1, 2], [2, 3, 4, 3, 1, 2, 3, 4, 3, 4, 2, 3, 4, 1, 2, 3], [2, 3, 4, 3, 4, 2, 3, 4, 3, 2, 1, 2, 3, 4, 3, 2], [2, 3, 4, 3, 2, 1, 2, 3, 4, 3, 4, 2, 3, 4, 3, 2], [1, 2, 3, 4, 3, 4, 2, 3, 4, 3, 1, 2, 3, 4, 3, 4], [1, 2, 3, 4, 3, 4, 2, 3, 4, 1, 2, 3, 4, 3, 2, 1], [4, 3, 4, 3, 2, 3, 4, 3, 4, 2, 3, 1, 2, 3, 4, 3, 4], [4, 3, 4, 3, 2, 3, 4, 3, 1, 2, 3, 4, 3, 4, 2, 3, 4], [4, 3, 4, 3, 2, 3, 4, 3, 4, 2, 3, 4, 1, 2, 3, 4, 3], [4, 3, 4, 2, 3, 4, 3, 1, 2, 3, 4, 3, 4, 2, 3, 1, 2], [3, 4, 3, 4, 2, 3, 4, 3, 1, 2, 3, 4, 3, 4, 2, 3, 4], [3, 4, 3, 4, 2, 3, 4, 3, 2, 1, 2, 3, 4, 3, 4, 2, 3], [3, 4, 2, 3, 4, 3, 2, 1, 2, 3, 4, 3, 4, 2, 3, 4, 3], [3, 4, 3, 2, 3, 4, 3, 4, 2, 3, 4, 1, 2, 3, 4, 3, 2], [2, 3, 4, 3, 1, 2, 3, 4, 3, 4, 2, 3, 4, 1, 2, 3, 4], [2, 3, 4, 3, 4, 2, 3, 4, 3, 1, 2, 3, 4, 3, 4, 2, 3], [2, 3, 4, 3, 4, 1, 2, 3, 4, 3, 4, 2, 3, 4, 3, 1, 2], [2, 3, 4, 3, 2, 1, 2, 3, 4, 3, 4, 2, 3, 4, 3, 2, 1], [1, 2, 3, 4, 3, 4, 2, 3, 4, 3, 2, 1, 2, 3, 4, 3, 2], [4, 3, 4, 2, 3, 4, 3, 2, 1, 2, 3, 4, 3, 4, 2, 3, 4, 3], [4, 3, 4, 3, 2, 3, 4, 3, 4, 2, 3, 4, 1, 2, 3, 4, 3, 2], [3, 4, 3, 4, 2, 3, 4, 3, 2, 1, 2, 3, 4, 3, 4, 2, 3, 4], [3, 4, 2, 3, 4, 3, 1, 2, 3, 4, 3, 4, 2, 3, 4, 1, 2, 3], [3, 4, 3, 2, 3, 4, 3, 4, 1, 2, 3, 4, 3, 4, 2, 3, 4, 3], [3, 4, 3, 4, 2, 3, 4, 3, 4, 2, 3, 4, 3, 1, 2, 3, 4, 3], [3, 4, 3, 2, 3, 4, 3, 4, 2, 3, 1, 2, 3, 4, 3, 4, 2, 3], [3, 4, 2, 3, 4, 3, 2, 1, 2, 3, 4, 3, 4, 2, 3, 4, 3, 2], [3, 4, 3, 4, 2, 3, 4, 3, 1, 2, 3, 4, 3, 4, 2, 3, 1, 2], [3, 4, 3, 2, 3, 4, 3, 4, 2, 3, 4, 1, 2, 3, 4, 3, 2, 1], [2, 3, 4, 3, 4, 2, 3, 4, 3, 1, 2, 3, 4, 3, 4, 2, 3, 4], [2, 3, 4, 3, 4, 2, 3, 4, 3, 2, 1, 2, 3, 4, 3, 4, 2, 3], [2, 3, 4, 3, 1, 2, 3, 4, 3, 4, 2, 3, 4, 1, 2, 3, 4, 3], [1, 2, 3, 4, 3, 4, 2, 3, 4, 3, 1, 2, 3, 4, 3, 4, 2, 3], [4, 3, 4, 3, 2, 3, 4, 3, 4, 1, 2, 3, 4, 3, 4, 2, 3, 4, 3], [4, 3, 4, 2, 3, 4, 3, 1, 2, 3, 4, 3, 4, 2, 3, 4, 1, 2, 3], [4, 3, 4, 3, 2, 3, 4, 3, 4, 2, 3, 1, 2, 3, 4, 3, 4, 2, 3], [4, 3, 4, 2, 3, 4, 3, 2, 1, 2, 3, 4, 3, 4, 2, 3, 4, 3, 2], [4, 3, 4, 3, 2, 3, 4, 3, 4, 2, 3, 4, 1, 2, 3, 4, 3, 2, 1], [3, 4, 3, 4, 2, 3, 4, 3, 4, 2, 3, 4, 3, 1, 2, 3, 4, 3, 4], [3, 4, 2, 3, 4, 3, 1, 2, 3, 4, 3, 4, 2, 3, 4, 1, 2, 3, 4], [3, 4, 3, 2, 3, 4, 3, 4, 2, 3, 1, 2, 3, 4, 3, 4, 2, 3, 4], [3, 4, 3, 4, 2, 3, 4, 3, 2, 1, 2, 3, 4, 3, 4, 2, 3, 4, 3], [3, 4, 2, 3, 4, 3, 2, 1, 2, 3, 4, 3, 4, 2, 3, 4, 3, 2, 1], [2, 3, 4, 3, 4, 2, 3, 4, 3, 2, 1, 2, 3, 4, 3, 4, 2, 3, 4], [2, 3, 4, 3, 4, 2, 3, 4, 3, 1, 2, 3, 4, 3, 4, 2, 3, 1, 2], [2, 3, 4, 3, 1, 2, 3, 4, 3, 4, 2, 3, 4, 1, 2, 3, 4, 3, 2], [1, 2, 3, 4, 3, 4, 2, 3, 4, 3, 1, 2, 3, 4, 3, 4, 2, 3, 4], [1, 2, 3, 4, 3, 4, 2, 3, 4, 3, 2, 1, 2, 3, 4, 3, 4, 2, 3], [4, 3, 4, 2, 3, 4, 3, 1, 2, 3, 4, 3, 4, 2, 3, 4, 1, 2, 3, 4], [4, 3, 4, 3, 2, 3, 4, 3, 4, 2, 3, 1, 2, 3, 4, 3, 4, 2, 3, 4], [4, 3, 4, 2, 3, 4, 3, 2, 1, 2, 3, 4, 3, 4, 2, 3, 4, 3, 2, 1], [3, 4, 3, 4, 2, 3, 4, 3, 1, 2, 3, 4, 3, 4, 2, 3, 4, 1, 2, 3], [3, 4, 2, 3, 4, 3, 1, 2, 3, 4, 3, 4, 2, 3, 4, 1, 2, 3, 4, 3], [3, 4, 3, 2, 3, 4, 3, 4, 1, 2, 3, 4, 3, 4, 2, 3, 4, 3, 1, 2], [3, 4, 3, 4, 2, 3, 4, 3, 2, 1, 2, 3, 4, 3, 4, 2, 3, 4, 3, 2], [3, 4, 3, 2, 3, 4, 3, 4, 2, 3, 1, 2, 3, 4, 3, 4, 2, 3, 1, 2], [2, 3, 4, 3, 4, 1, 2, 3, 4, 3, 4, 2, 3, 4, 3, 1, 2, 3, 4, 3], [2, 3, 4, 3, 4, 2, 3, 4, 3, 2, 1, 2, 3, 4, 3, 4, 2, 3, 4, 3], [2, 3, 4, 3, 2, 1, 2, 3, 4, 3, 4, 2, 3, 4, 3, 1, 2, 3, 4, 3], [2, 3, 4, 3, 1, 2, 3, 4, 3, 4, 2, 3, 4, 1, 2, 3, 4, 3, 2, 1], [1, 2, 3, 4, 3, 4, 2, 3, 4, 3, 2, 1, 2, 3, 4, 3, 4, 2, 3, 4], [1, 2, 3, 4, 3, 4, 2, 3, 4, 3, 1, 2, 3, 4, 3, 4, 2, 3, 1, 2], [4, 3, 4, 2, 3, 4, 3, 2, 1, 2, 3, 4, 3, 4, 2, 3, 4, 1, 2, 3, 4], [4, 3, 4, 3, 2, 3, 4, 3, 1, 2, 3, 4, 3, 4, 2, 3, 4, 1, 2, 3, 4], [4, 3, 4, 2, 3, 4, 3, 1, 2, 3, 4, 3, 4, 2, 3, 4, 1, 2, 3, 4, 3], [4, 3, 4, 3, 2, 3, 4, 3, 4, 1, 2, 3, 4, 3, 4, 2, 3, 4, 3, 1, 2], [4, 3, 4, 3, 2, 3, 4, 3, 4, 2, 3, 1, 2, 3, 4, 3, 4, 2, 3, 1, 2], [3, 4, 3, 4, 2, 3, 4, 3, 1, 2, 3, 4, 3, 4, 2, 3, 4, 1, 2, 3, 4], [3, 4, 3, 4, 2, 3, 4, 3, 4, 2, 3, 4, 3, 1, 2, 3, 4, 3, 4, 2, 3], [3, 4, 3, 2, 3, 4, 3, 4, 2, 3, 4, 1, 2, 3, 4, 3, 4, 2, 3, 4, 3], [3, 4, 2, 3, 4, 3, 1, 2, 3, 4, 3, 4, 2, 3, 4, 1, 2, 3, 4, 3, 2], [3, 4, 3, 4, 2, 3, 4, 3, 2, 1, 2, 3, 4, 3, 4, 2, 3, 4, 3, 2, 1], [2, 3, 4, 3, 4, 1, 2, 3, 4, 3, 4, 2, 3, 4, 3, 1, 2, 3, 4, 3, 4], [2, 3, 4, 3, 2, 1, 2, 3, 4, 3, 4, 2, 3, 4, 3, 1, 2, 3, 4, 3, 4], [2, 3, 4, 3, 4, 2, 3, 4, 3, 1, 2, 3, 4, 3, 4, 2, 3, 4, 1, 2, 3], [2, 3, 4, 3, 4, 2, 3, 4, 3, 2, 1, 2, 3, 4, 3, 4, 2, 3, 4, 3, 2], [1, 2, 3, 4, 3, 4, 2, 3, 4, 3, 2, 1, 2, 3, 4, 3, 4, 2, 3, 4, 3], [4, 3, 4, 3, 2, 3, 4, 3, 4, 2, 3, 4, 1, 2, 3, 4, 3, 4, 2, 3, 4, 3], [4, 3, 4, 3, 2, 3, 4, 3, 1, 2, 3, 4, 3, 4, 2, 3, 4, 1, 2, 3, 4, 3], [4, 3, 4, 2, 3, 4, 3, 1, 2, 3, 4, 3, 4, 2, 3, 4, 1, 2, 3, 4, 3, 2], [3, 4, 3, 4, 2, 3, 4, 3, 4, 2, 3, 4, 3, 1, 2, 3, 4, 3, 4, 2, 3, 4], [3, 4, 3, 4, 2, 3, 4, 3, 2, 1, 2, 3, 4, 3, 4, 2, 3, 4, 1, 2, 3, 4], [3, 4, 3, 4, 2, 3, 4, 3, 1, 2, 3, 4, 3, 4, 2, 3, 4, 1, 2, 3, 4, 3], [3, 4, 3, 2, 3, 4, 3, 4, 2, 3, 1, 2, 3, 4, 3, 4, 2, 3, 4, 1, 2, 3], [3, 4, 2, 3, 4, 3, 2, 1, 2, 3, 4, 3, 4, 2, 3, 4, 3, 1, 2, 3, 4, 3], [3, 4, 2, 3, 4, 3, 1, 2, 3, 4, 3, 4, 2, 3, 4, 1, 2, 3, 4, 3, 2, 1], [2, 3, 4, 3, 4, 2, 3, 4, 3, 1, 2, 3, 4, 3, 4, 2, 3, 4, 1, 2, 3, 4], [2, 3, 4, 3, 2, 1, 2, 3, 4, 3, 4, 2, 3, 4, 3, 2, 1, 2, 3, 4, 3, 2], [2, 3, 4, 3, 4, 2, 3, 4, 3, 2, 1, 2, 3, 4, 3, 4, 2, 3, 4, 3, 2, 1], [1, 2, 3, 4, 3, 4, 2, 3, 4, 3, 1, 2, 3, 4, 3, 4, 2, 3, 4, 1, 2, 3], [1, 2, 3, 4, 3, 4, 2, 3, 4, 3, 2, 1, 2, 3, 4, 3, 4, 2, 3, 4, 3, 2], [4, 3, 4, 2, 3, 4, 3, 2, 1, 2, 3, 4, 3, 4, 2, 3, 4, 3, 1, 2, 3, 4, 3], [4, 3, 4, 3, 2, 3, 4, 3, 4, 2, 3, 1, 2, 3, 4, 3, 4, 2, 3, 4, 1, 2, 3], [4, 3, 4, 3, 2, 3, 4, 3, 1, 2, 3, 4, 3, 4, 2, 3, 4, 1, 2, 3, 4, 3, 2], [4, 3, 4, 2, 3, 4, 3, 1, 2, 3, 4, 3, 4, 2, 3, 4, 1, 2, 3, 4, 3, 2, 1], [3, 4, 3, 2, 3, 4, 3, 4, 2, 3, 1, 2, 3, 4, 3, 4, 2, 3, 4, 1, 2, 3, 4], [3, 4, 2, 3, 4, 3, 2, 1, 2, 3, 4, 3, 4, 2, 3, 4, 3, 1, 2, 3, 4, 3, 4], [3, 4, 3, 2, 3, 4, 3, 4, 1, 2, 3, 4, 3, 4, 2, 3, 4, 3, 1, 2, 3, 4, 3], [3, 4, 3, 4, 2, 3, 4, 3, 4, 2, 3, 4, 3, 1, 2, 3, 4, 3, 4, 2, 3, 1, 2], [3, 4, 3, 2, 3, 4, 3, 4, 2, 3, 4, 1, 2, 3, 4, 3, 4, 2, 3, 4, 3, 1, 2], [3, 4, 3, 4, 2, 3, 4, 3, 1, 2, 3, 4, 3, 4, 2, 3, 4, 1, 2, 3, 4, 3, 2], [2, 3, 4, 3, 4, 2, 3, 4, 3, 2, 1, 2, 3, 4, 3, 4, 2, 3, 4, 1, 2, 3, 4], [2, 3, 4, 3, 2, 1, 2, 3, 4, 3, 4, 2, 3, 4, 3, 1, 2, 3, 4, 3, 4, 2, 3], [2, 3, 4, 3, 4, 1, 2, 3, 4, 3, 4, 2, 3, 4, 3, 1, 2, 3, 4, 3, 4, 2, 3], [2, 3, 4, 3, 4, 2, 3, 4, 3, 1, 2, 3, 4, 3, 4, 2, 3, 4, 1, 2, 3, 4, 3], [1, 2, 3, 4, 3, 4, 2, 3, 4, 3, 1, 2, 3, 4, 3, 4, 2, 3, 4, 1, 2, 3, 4], [1, 2, 3, 4, 3, 4, 2, 3, 4, 3, 2, 1, 2, 3, 4, 3, 4, 2, 3, 4, 3, 2, 1], [4, 3, 4, 3, 2, 3, 4, 3, 4, 2, 3, 1, 2, 3, 4, 3, 4, 2, 3, 4, 1, 2, 3, 4], [4, 3, 4, 2, 3, 4, 3, 2, 1, 2, 3, 4, 3, 4, 2, 3, 4, 3, 1, 2, 3, 4, 3, 4], [4, 3, 4, 3, 2, 3, 4, 3, 4, 1, 2, 3, 4, 3, 4, 2, 3, 4, 3, 1, 2, 3, 4, 3], [4, 3, 4, 3, 2, 3, 4, 3, 4, 2, 3, 4, 1, 2, 3, 4, 3, 4, 2, 3, 4, 3, 1, 2], [4, 3, 4, 3, 2, 3, 4, 3, 1, 2, 3, 4, 3, 4, 2, 3, 4, 1, 2, 3, 4, 3, 2, 1], [3, 4, 3, 2, 3, 4, 3, 4, 1, 2, 3, 4, 3, 4, 2, 3, 4, 3, 1, 2, 3, 4, 3, 4], [3, 4, 3, 2, 3, 4, 3, 4, 2, 3, 1, 2, 3, 4, 3, 4, 2, 3, 4, 1, 2, 3, 4, 3], [3, 4, 3, 4, 2, 3, 4, 3, 2, 1, 2, 3, 4, 3, 4, 2, 3, 4, 3, 1, 2, 3, 4, 3], [3, 4, 2, 3, 4, 3, 2, 1, 2, 3, 4, 3, 4, 2, 3, 4, 3, 2, 1, 2, 3, 4, 3, 2], [3, 4, 3, 4, 2, 3, 4, 3, 1, 2, 3, 4, 3, 4, 2, 3, 4, 1, 2, 3, 4, 3, 2, 1], [2, 3, 4, 3, 4, 1, 2, 3, 4, 3, 4, 2, 3, 4, 3, 1, 2, 3, 4, 3, 4, 2, 3, 4], [2, 3, 4, 3, 2, 1, 2, 3, 4, 3, 4, 2, 3, 4, 3, 2, 1, 2, 3, 4, 3, 4, 2, 3], [2, 3, 4, 3, 4, 2, 3, 4, 3, 1, 2, 3, 4, 3, 4, 2, 3, 4, 1, 2, 3, 4, 3, 2], [1, 2, 3, 4, 3, 4, 2, 3, 4, 3, 2, 1, 2, 3, 4, 3, 4, 2, 3, 4, 1, 2, 3, 4], [1, 2, 3, 4, 3, 4, 2, 3, 4, 3, 1, 2, 3, 4, 3, 4, 2, 3, 4, 1, 2, 3, 4, 3], [4, 3, 4, 3, 2, 3, 4, 3, 4, 1, 2, 3, 4, 3, 4, 2, 3, 4, 3, 1, 2, 3, 4, 3, 4], [4, 3, 4, 3, 2, 3, 4, 3, 4, 2, 3, 1, 2, 3, 4, 3, 4, 2, 3, 4, 1, 2, 3, 4, 3], [4, 3, 4, 2, 3, 4, 3, 2, 1, 2, 3, 4, 3, 4, 2, 3, 4, 3, 2, 1, 2, 3, 4, 3, 2], [3, 4, 3, 4, 2, 3, 4, 3, 2, 1, 2, 3, 4, 3, 4, 2, 3, 4, 3, 1, 2, 3, 4, 3, 4], [3, 4, 3, 4, 2, 3, 4, 3, 4, 2, 3, 4, 3, 1, 2, 3, 4, 3, 4, 2, 3, 4, 1, 2, 3], [3, 4, 2, 3, 4, 3, 2, 1, 2, 3, 4, 3, 4, 2, 3, 4, 3, 1, 2, 3, 4, 3, 4, 2, 3], [3, 4, 3, 2, 3, 4, 3, 4, 2, 3, 1, 2, 3, 4, 3, 4, 2, 3, 4, 1, 2, 3, 4, 3, 2], [2, 3, 4, 3, 2, 1, 2, 3, 4, 3, 4, 2, 3, 4, 3, 2, 1, 2, 3, 4, 3, 4, 2, 3, 4], [2, 3, 4, 3, 4, 2, 3, 4, 3, 2, 1, 2, 3, 4, 3, 4, 2, 3, 4, 3, 1, 2, 3, 4, 3], [2, 3, 4, 3, 4, 1, 2, 3, 4, 3, 4, 2, 3, 4, 3, 1, 2, 3, 4, 3, 4, 2, 3, 1, 2], [2, 3, 4, 3, 2, 1, 2, 3, 4, 3, 4, 2, 3, 4, 3, 1, 2, 3, 4, 3, 4, 2, 3, 1, 2], [2, 3, 4, 3, 4, 2, 3, 4, 3, 1, 2, 3, 4, 3, 4, 2, 3, 4, 1, 2, 3, 4, 3, 2, 1], [1, 2, 3, 4, 3, 4, 2, 3, 4, 3, 1, 2, 3, 4, 3, 4, 2, 3, 4, 1, 2, 3, 4, 3, 2], [4, 3, 4, 2, 3, 4, 3, 2, 1, 2, 3, 4, 3, 4, 2, 3, 4, 3, 1, 2, 3, 4, 3, 4, 2, 3], [4, 3, 4, 3, 2, 3, 4, 3, 4, 2, 3, 1, 2, 3, 4, 3, 4, 2, 3, 4, 1, 2, 3, 4, 3, 2], [3, 4, 3, 4, 2, 3, 4, 3, 4, 2, 3, 4, 3, 1, 2, 3, 4, 3, 4, 2, 3, 4, 1, 2, 3, 4], [3, 4, 3, 2, 3, 4, 3, 4, 1, 2, 3, 4, 3, 4, 2, 3, 4, 3, 1, 2, 3, 4, 3, 4, 2, 3], [3, 4, 3, 2, 3, 4, 3, 4, 2, 3, 4, 1, 2, 3, 4, 3, 4, 2, 3, 4, 3, 1, 2, 3, 4, 3], [3, 4, 2, 3, 4, 3, 2, 1, 2, 3, 4, 3, 4, 2, 3, 4, 3, 2, 1, 2, 3, 4, 3, 4, 2, 3], [3, 4, 3, 4, 2, 3, 4, 3, 2, 1, 2, 3, 4, 3, 4, 2, 3, 4, 3, 2, 1, 2, 3, 4, 3, 2], [3, 4, 3, 2, 3, 4, 3, 4, 2, 3, 1, 2, 3, 4, 3, 4, 2, 3, 4, 1, 2, 3, 4, 3, 2, 1], [2, 3, 4, 3, 4, 2, 3, 4, 3, 2, 1, 2, 3, 4, 3, 4, 2, 3, 4, 3, 1, 2, 3, 4, 3, 4], [2, 3, 4, 3, 2, 1, 2, 3, 4, 3, 4, 2, 3, 4, 3, 2, 1, 2, 3, 4, 3, 4, 2, 3, 4, 3], [1, 2, 3, 4, 3, 4, 2, 3, 4, 3, 2, 1, 2, 3, 4, 3, 4, 2, 3, 4, 3, 1, 2, 3, 4, 3], [1, 2, 3, 4, 3, 4, 2, 3, 4, 3, 1, 2, 3, 4, 3, 4, 2, 3, 4, 1, 2, 3, 4, 3, 2, 1], [4, 3, 4, 3, 2, 3, 4, 3, 4, 1, 2, 3, 4, 3, 4, 2, 3, 4, 3, 1, 2, 3, 4, 3, 4, 2, 3], [4, 3, 4, 3, 2, 3, 4, 3, 4, 2, 3, 4, 1, 2, 3, 4, 3, 4, 2, 3, 4, 3, 1, 2, 3, 4, 3], [4, 3, 4, 2, 3, 4, 3, 2, 1, 2, 3, 4, 3, 4, 2, 3, 4, 3, 2, 1, 2, 3, 4, 3, 4, 2, 3], [4, 3, 4, 3, 2, 3, 4, 3, 4, 2, 3, 1, 2, 3, 4, 3, 4, 2, 3, 4, 1, 2, 3, 4, 3, 2, 1], [3, 4, 3, 2, 3, 4, 3, 4, 2, 3, 4, 1, 2, 3, 4, 3, 4, 2, 3, 4, 3, 1, 2, 3, 4, 3, 4], [3, 4, 3, 2, 3, 4, 3, 4, 1, 2, 3, 4, 3, 4, 2, 3, 4, 3, 1, 2, 3, 4, 3, 4, 2, 3, 4], [3, 4, 2, 3, 4, 3, 2, 1, 2, 3, 4, 3, 4, 2, 3, 4, 3, 2, 1, 2, 3, 4, 3, 4, 2, 3, 4], [3, 4, 3, 4, 2, 3, 4, 3, 4, 2, 3, 4, 3, 1, 2, 3, 4, 3, 4, 2, 3, 4, 1, 2, 3, 4, 3], [3, 4, 3, 4, 2, 3, 4, 3, 2, 1, 2, 3, 4, 3, 4, 2, 3, 4, 3, 1, 2, 3, 4, 3, 4, 2, 3], [3, 4, 2, 3, 4, 3, 2, 1, 2, 3, 4, 3, 4, 2, 3, 4, 3, 1, 2, 3, 4, 3, 4, 2, 3, 1, 2], [2, 3, 4, 3, 4, 1, 2, 3, 4, 3, 4, 2, 3, 4, 3, 1, 2, 3, 4, 3, 4, 2, 3, 4, 1, 2, 3], [2, 3, 4, 3, 4, 2, 3, 4, 3, 2, 1, 2, 3, 4, 3, 4, 2, 3, 4, 3, 2, 1, 2, 3, 4, 3, 2], [2, 3, 4, 3, 2, 1, 2, 3, 4, 3, 4, 2, 3, 4, 3, 2, 1, 2, 3, 4, 3, 4, 2, 3, 4, 3, 2], [1, 2, 3, 4, 3, 4, 2, 3, 4, 3, 2, 1, 2, 3, 4, 3, 4, 2, 3, 4, 3, 1, 2, 3, 4, 3, 4], [4, 3, 4, 3, 2, 3, 4, 3, 4, 2, 3, 4, 1, 2, 3, 4, 3, 4, 2, 3, 4, 3, 1, 2, 3, 4, 3, 4], [4, 3, 4, 3, 2, 3, 4, 3, 4, 1, 2, 3, 4, 3, 4, 2, 3, 4, 3, 1, 2, 3, 4, 3, 4, 2, 3, 4], [4, 3, 4, 2, 3, 4, 3, 2, 1, 2, 3, 4, 3, 4, 2, 3, 4, 3, 2, 1, 2, 3, 4, 3, 4, 2, 3, 4], [4, 3, 4, 2, 3, 4, 3, 2, 1, 2, 3, 4, 3, 4, 2, 3, 4, 3, 1, 2, 3, 4, 3, 4, 2, 3, 1, 2], [3, 4, 2, 3, 4, 3, 2, 1, 2, 3, 4, 3, 4, 2, 3, 4, 3, 2, 1, 2, 3, 4, 3, 4, 2, 3, 4, 3], [3, 4, 3, 4, 2, 3, 4, 3, 2, 1, 2, 3, 4, 3, 4, 2, 3, 4, 3, 2, 1, 2, 3, 4, 3, 4, 2, 3], [3, 4, 3, 2, 3, 4, 3, 4, 1, 2, 3, 4, 3, 4, 2, 3, 4, 3, 1, 2, 3, 4, 3, 4, 2, 3, 1, 2], [3, 4, 3, 4, 2, 3, 4, 3, 4, 2, 3, 4, 3, 1, 2, 3, 4, 3, 4, 2, 3, 4, 1, 2, 3, 4, 3, 2], [2, 3, 4, 3, 4, 1, 2, 3, 4, 3, 4, 2, 3, 4, 3, 1, 2, 3, 4, 3, 4, 2, 3, 4, 1, 2, 3, 4], [2, 3, 4, 3, 4, 2, 3, 4, 3, 2, 1, 2, 3, 4, 3, 4, 2, 3, 4, 3, 1, 2, 3, 4, 3, 4, 2, 3], [2, 3, 4, 3, 2, 1, 2, 3, 4, 3, 4, 2, 3, 4, 3, 2, 1, 2, 3, 4, 3, 4, 2, 3, 4, 1, 2, 3], [2, 3, 4, 3, 2, 1, 2, 3, 4, 3, 4, 2, 3, 4, 3, 2, 1, 2, 3, 4, 3, 4, 2, 3, 4, 3, 2, 1], [1, 2, 3, 4, 3, 4, 2, 3, 4, 3, 2, 1, 2, 3, 4, 3, 4, 2, 3, 4, 3, 2, 1, 2, 3, 4, 3, 2], [4, 3, 4, 2, 3, 4, 3, 2, 1, 2, 3, 4, 3, 4, 2, 3, 4, 3, 2, 1, 2, 3, 4, 3, 4, 2, 3, 4, 3], [4, 3, 4, 3, 2, 3, 4, 3, 4, 1, 2, 3, 4, 3, 4, 2, 3, 4, 3, 1, 2, 3, 4, 3, 4, 2, 3, 1, 2], [3, 4, 3, 4, 2, 3, 4, 3, 2, 1, 2, 3, 4, 3, 4, 2, 3, 4, 3, 2, 1, 2, 3, 4, 3, 4, 2, 3, 4], [3, 4, 3, 2, 3, 4, 3, 4, 2, 3, 4, 1, 2, 3, 4, 3, 4, 2, 3, 4, 3, 1, 2, 3, 4, 3, 4, 2, 3], [3, 4, 3, 4, 2, 3, 4, 3, 2, 1, 2, 3, 4, 3, 4, 2, 3, 4, 3, 1, 2, 3, 4, 3, 4, 2, 3, 1, 2], [3, 4, 2, 3, 4, 3, 2, 1, 2, 3, 4, 3, 4, 2, 3, 4, 3, 2, 1, 2, 3, 4, 3, 4, 2, 3, 4, 3, 2], [3, 4, 3, 4, 2, 3, 4, 3, 4, 2, 3, 4, 3, 1, 2, 3, 4, 3, 4, 2, 3, 4, 1, 2, 3, 4, 3, 2, 1], [2, 3, 4, 3, 2, 1, 2, 3, 4, 3, 4, 2, 3, 4, 3, 2, 1, 2, 3, 4, 3, 4, 2, 3, 4, 1, 2, 3, 4], [2, 3, 4, 3, 4, 1, 2, 3, 4, 3, 4, 2, 3, 4, 3, 1, 2, 3, 4, 3, 4, 2, 3, 4, 1, 2, 3, 4, 3], [2, 3, 4, 3, 4, 2, 3, 4, 3, 2, 1, 2, 3, 4, 3, 4, 2, 3, 4, 3, 2, 1, 2, 3, 4, 3, 4, 2, 3], [1, 2, 3, 4, 3, 4, 2, 3, 4, 3, 2, 1, 2, 3, 4, 3, 4, 2, 3, 4, 3, 1, 2, 3, 4, 3, 4, 2, 3], [4, 3, 4, 3, 2, 3, 4, 3, 4, 2, 3, 4, 1, 2, 3, 4, 3, 4, 2, 3, 4, 3, 1, 2, 3, 4, 3, 4, 2, 3], [4, 3, 4, 2, 3, 4, 3, 2, 1, 2, 3, 4, 3, 4, 2, 3, 4, 3, 2, 1, 2, 3, 4, 3, 4, 2, 3, 4, 3, 2], [3, 4, 3, 2, 3, 4, 3, 4, 2, 3, 4, 1, 2, 3, 4, 3, 4, 2, 3, 4, 3, 1, 2, 3, 4, 3, 4, 2, 3, 4], [3, 4, 3, 2, 3, 4, 3, 4, 1, 2, 3, 4, 3, 4, 2, 3, 4, 3, 1, 2, 3, 4, 3, 4, 2, 3, 4, 1, 2, 3], [3, 4, 2, 3, 4, 3, 2, 1, 2, 3, 4, 3, 4, 2, 3, 4, 3, 2, 1, 2, 3, 4, 3, 4, 2, 3, 4, 1, 2, 3], [3, 4, 3, 4, 2, 3, 4, 3, 2, 1, 2, 3, 4, 3, 4, 2, 3, 4, 3, 2, 1, 2, 3, 4, 3, 4, 2, 3, 4, 3], [3, 4, 2, 3, 4, 3, 2, 1, 2, 3, 4, 3, 4, 2, 3, 4, 3, 2, 1, 2, 3, 4, 3, 4, 2, 3, 4, 3, 2, 1], [2, 3, 4, 3, 4, 2, 3, 4, 3, 2, 1, 2, 3, 4, 3, 4, 2, 3, 4, 3, 2, 1, 2, 3, 4, 3, 4, 2, 3, 4], [2, 3, 4, 3, 4, 2, 3, 4, 3, 2, 1, 2, 3, 4, 3, 4, 2, 3, 4, 3, 1, 2, 3, 4, 3, 4, 2, 3, 1, 2], [2, 3, 4, 3, 4, 1, 2, 3, 4, 3, 4, 2, 3, 4, 3, 1, 2, 3, 4, 3, 4, 2, 3, 4, 1, 2, 3, 4, 3, 2], [1, 2, 3, 4, 3, 4, 2, 3, 4, 3, 2, 1, 2, 3, 4, 3, 4, 2, 3, 4, 3, 2, 1, 2, 3, 4, 3, 4, 2, 3], [4, 3, 4, 3, 2, 3, 4, 3, 4, 2, 3, 4, 1, 2, 3, 4, 3, 4, 2, 3, 4, 3, 1, 2, 3, 4, 3, 4, 2, 3, 4], [4, 3, 4, 3, 2, 3, 4, 3, 4, 1, 2, 3, 4, 3, 4, 2, 3, 4, 3, 1, 2, 3, 4, 3, 4, 2, 3, 4, 1, 2, 3], [4, 3, 4, 2, 3, 4, 3, 2, 1, 2, 3, 4, 3, 4, 2, 3, 4, 3, 2, 1, 2, 3, 4, 3, 4, 2, 3, 4, 1, 2, 3], [4, 3, 4, 2, 3, 4, 3, 2, 1, 2, 3, 4, 3, 4, 2, 3, 4, 3, 2, 1, 2, 3, 4, 3, 4, 2, 3, 4, 3, 2, 1], [3, 4, 2, 3, 4, 3, 2, 1, 2, 3, 4, 3, 4, 2, 3, 4, 3, 2, 1, 2, 3, 4, 3, 4, 2, 3, 4, 1, 2, 3, 4], [3, 4, 3, 2, 3, 4, 3, 4, 1, 2, 3, 4, 3, 4, 2, 3, 4, 3, 1, 2, 3, 4, 3, 4, 2, 3, 4, 1, 2, 3, 4], [3, 4, 3, 2, 3, 4, 3, 4, 2, 3, 4, 1, 2, 3, 4, 3, 4, 2, 3, 4, 3, 1, 2, 3, 4, 3, 4, 2, 3, 1, 2], [3, 4, 3, 4, 2, 3, 4, 3, 2, 1, 2, 3, 4, 3, 4, 2, 3, 4, 3, 2, 1, 2, 3, 4, 3, 4, 2, 3, 4, 3, 2], [2, 3, 4, 3, 2, 1, 2, 3, 4, 3, 4, 2, 3, 4, 3, 2, 1, 2, 3, 4, 3, 4, 2, 3, 4, 3, 1, 2, 3, 4, 3], [2, 3, 4, 3, 4, 2, 3, 4, 3, 2, 1, 2, 3, 4, 3, 4, 2, 3, 4, 3, 2, 1, 2, 3, 4, 3, 4, 2, 3, 4, 3], [2, 3, 4, 3, 4, 1, 2, 3, 4, 3, 4, 2, 3, 4, 3, 1, 2, 3, 4, 3, 4, 2, 3, 4, 1, 2, 3, 4, 3, 2, 1], [1, 2, 3, 4, 3, 4, 2, 3, 4, 3, 2, 1, 2, 3, 4, 3, 4, 2, 3, 4, 3, 2, 1, 2, 3, 4, 3, 4, 2, 3, 4], [1, 2, 3, 4, 3, 4, 2, 3, 4, 3, 2, 1, 2, 3, 4, 3, 4, 2, 3, 4, 3, 1, 2, 3, 4, 3, 4, 2, 3, 1, 2], [4, 3, 4, 3, 2, 3, 4, 3, 4, 1, 2, 3, 4, 3, 4, 2, 3, 4, 3, 1, 2, 3, 4, 3, 4, 2, 3, 4, 1, 2, 3, 4], [4, 3, 4, 2, 3, 4, 3, 2, 1, 2, 3, 4, 3, 4, 2, 3, 4, 3, 2, 1, 2, 3, 4, 3, 4, 2, 3, 4, 1, 2, 3, 4], [4, 3, 4, 3, 2, 3, 4, 3, 4, 2, 3, 4, 1, 2, 3, 4, 3, 4, 2, 3, 4, 3, 1, 2, 3, 4, 3, 4, 2, 3, 1, 2], [3, 4, 3, 2, 3, 4, 3, 4, 1, 2, 3, 4, 3, 4, 2, 3, 4, 3, 1, 2, 3, 4, 3, 4, 2, 3, 4, 1, 2, 3, 4, 3], [3, 4, 3, 4, 2, 3, 4, 3, 2, 1, 2, 3, 4, 3, 4, 2, 3, 4, 3, 2, 1, 2, 3, 4, 3, 4, 2, 3, 4, 1, 2, 3], [3, 4, 3, 4, 2, 3, 4, 3, 2, 1, 2, 3, 4, 3, 4, 2, 3, 4, 3, 2, 1, 2, 3, 4, 3, 4, 2, 3, 4, 3, 2, 1], [2, 3, 4, 3, 2, 1, 2, 3, 4, 3, 4, 2, 3, 4, 3, 2, 1, 2, 3, 4, 3, 4, 2, 3, 4, 3, 1, 2, 3, 4, 3, 4], [2, 3, 4, 3, 4, 2, 3, 4, 3, 2, 1, 2, 3, 4, 3, 4, 2, 3, 4, 3, 2, 1, 2, 3, 4, 3, 4, 2, 3, 4, 3, 2], [1, 2, 3, 4, 3, 4, 2, 3, 4, 3, 2, 1, 2, 3, 4, 3, 4, 2, 3, 4, 3, 2, 1, 2, 3, 4, 3, 4, 2, 3, 4, 3], [4, 3, 4, 3, 2, 3, 4, 3, 4, 1, 2, 3, 4, 3, 4, 2, 3, 4, 3, 1, 2, 3, 4, 3, 4, 2, 3, 4, 1, 2, 3, 4, 3], [3, 4, 3, 4, 2, 3, 4, 3, 2, 1, 2, 3, 4, 3, 4, 2, 3, 4, 3, 2, 1, 2, 3, 4, 3, 4, 2, 3, 4, 1, 2, 3, 4], [3, 4, 3, 2, 3, 4, 3, 4, 2, 3, 4, 1, 2, 3, 4, 3, 4, 2, 3, 4, 3, 1, 2, 3, 4, 3, 4, 2, 3, 4, 1, 2, 3], [3, 4, 2, 3, 4, 3, 2, 1, 2, 3, 4, 3, 4, 2, 3, 4, 3, 2, 1, 2, 3, 4, 3, 4, 2, 3, 4, 3, 1, 2, 3, 4, 3], [3, 4, 3, 2, 3, 4, 3, 4, 1, 2, 3, 4, 3, 4, 2, 3, 4, 3, 1, 2, 3, 4, 3, 4, 2, 3, 4, 1, 2, 3, 4, 3, 2], [2, 3, 4, 3, 4, 2, 3, 4, 3, 2, 1, 2, 3, 4, 3, 4, 2, 3, 4, 3, 2, 1, 2, 3, 4, 3, 4, 2, 3, 4, 1, 2, 3], [2, 3, 4, 3, 2, 1, 2, 3, 4, 3, 4, 2, 3, 4, 3, 2, 1, 2, 3, 4, 3, 4, 2, 3, 4, 3, 2, 1, 2, 3, 4, 3, 2], [2, 3, 4, 3, 4, 2, 3, 4, 3, 2, 1, 2, 3, 4, 3, 4, 2, 3, 4, 3, 2, 1, 2, 3, 4, 3, 4, 2, 3, 4, 3, 2, 1], [1, 2, 3, 4, 3, 4, 2, 3, 4, 3, 2, 1, 2, 3, 4, 3, 4, 2, 3, 4, 3, 2, 1, 2, 3, 4, 3, 4, 2, 3, 4, 3, 2], [4, 3, 4, 3, 2, 3, 4, 3, 4, 2, 3, 4, 1, 2, 3, 4, 3, 4, 2, 3, 4, 3, 1, 2, 3, 4, 3, 4, 2, 3, 4, 1, 2, 3], [4, 3, 4, 2, 3, 4, 3, 2, 1, 2, 3, 4, 3, 4, 2, 3, 4, 3, 2, 1, 2, 3, 4, 3, 4, 2, 3, 4, 3, 1, 2, 3, 4, 3], [4, 3, 4, 3, 2, 3, 4, 3, 4, 1, 2, 3, 4, 3, 4, 2, 3, 4, 3, 1, 2, 3, 4, 3, 4, 2, 3, 4, 1, 2, 3, 4, 3, 2], [3, 4, 3, 2, 3, 4, 3, 4, 2, 3, 4, 1, 2, 3, 4, 3, 4, 2, 3, 4, 3, 1, 2, 3, 4, 3, 4, 2, 3, 4, 1, 2, 3, 4], [3, 4, 2, 3, 4, 3, 2, 1, 2, 3, 4, 3, 4, 2, 3, 4, 3, 2, 1, 2, 3, 4, 3, 4, 2, 3, 4, 3, 1, 2, 3, 4, 3, 4], [3, 4, 3, 4, 2, 3, 4, 3, 4, 2, 3, 4, 3, 1, 2, 3, 4, 3, 4, 2, 3, 4, 3, 2, 1, 2, 3, 4, 3, 4, 2, 3, 4, 3], [3, 4, 3, 2, 3, 4, 3, 4, 1, 2, 3, 4, 3, 4, 2, 3, 4, 3, 1, 2, 3, 4, 3, 4, 2, 3, 4, 1, 2, 3, 4, 3, 2, 1], [2, 3, 4, 3, 4, 2, 3, 4, 3, 2, 1, 2, 3, 4, 3, 4, 2, 3, 4, 3, 2, 1, 2, 3, 4, 3, 4, 2, 3, 4, 1, 2, 3, 4], [1, 2, 3, 4, 3, 4, 2, 3, 4, 3, 2, 1, 2, 3, 4, 3, 4, 2, 3, 4, 3, 2, 1, 2, 3, 4, 3, 4, 2, 3, 4, 1, 2, 3], [1, 2, 3, 4, 3, 4, 2, 3, 4, 3, 2, 1, 2, 3, 4, 3, 4, 2, 3, 4, 3, 2, 1, 2, 3, 4, 3, 4, 2, 3, 4, 3, 2, 1], [4, 3, 4, 3, 2, 3, 4, 3, 4, 2, 3, 4, 1, 2, 3, 4, 3, 4, 2, 3, 4, 3, 1, 2, 3, 4, 3, 4, 2, 3, 4, 1, 2, 3, 4], [4, 3, 4, 2, 3, 4, 3, 2, 1, 2, 3, 4, 3, 4, 2, 3, 4, 3, 2, 1, 2, 3, 4, 3, 4, 2, 3, 4, 3, 1, 2, 3, 4, 3, 4], [4, 3, 4, 3, 2, 3, 4, 3, 4, 1, 2, 3, 4, 3, 4, 2, 3, 4, 3, 1, 2, 3, 4, 3, 4, 2, 3, 4, 1, 2, 3, 4, 3, 2, 1], [3, 4, 3, 4, 2, 3, 4, 3, 2, 1, 2, 3, 4, 3, 4, 2, 3, 4, 3, 2, 1, 2, 3, 4, 3, 4, 2, 3, 4, 3, 1, 2, 3, 4, 3], [3, 4, 3, 2, 3, 4, 3, 4, 2, 3, 4, 1, 2, 3, 4, 3, 4, 2, 3, 4, 3, 1, 2, 3, 4, 3, 4, 2, 3, 4, 1, 2, 3, 4, 3], [3, 4, 2, 3, 4, 3, 2, 1, 2, 3, 4, 3, 4, 2, 3, 4, 3, 2, 1, 2, 3, 4, 3, 4, 2, 3, 4, 3, 2, 1, 2, 3, 4, 3, 2], [2, 3, 4, 3, 2, 1, 2, 3, 4, 3, 4, 2, 3, 4, 3, 2, 1, 2, 3, 4, 3, 4, 2, 3, 4, 3, 2, 1, 2, 3, 4, 3, 4, 2, 3], [1, 2, 3, 4, 3, 4, 2, 3, 4, 3, 2, 1, 2, 3, 4, 3, 4, 2, 3, 4, 3, 2, 1, 2, 3, 4, 3, 4, 2, 3, 4, 1, 2, 3, 4], [4, 3, 4, 3, 2, 3, 4, 3, 4, 2, 3, 4, 1, 2, 3, 4, 3, 4, 2, 3, 4, 3, 1, 2, 3, 4, 3, 4, 2, 3, 4, 1, 2, 3, 4, 3], [4, 3, 4, 2, 3, 4, 3, 2, 1, 2, 3, 4, 3, 4, 2, 3, 4, 3, 2, 1, 2, 3, 4, 3, 4, 2, 3, 4, 3, 2, 1, 2, 3, 4, 3, 2], [3, 4, 3, 4, 2, 3, 4, 3, 2, 1, 2, 3, 4, 3, 4, 2, 3, 4, 3, 2, 1, 2, 3, 4, 3, 4, 2, 3, 4, 3, 1, 2, 3, 4, 3, 4], [3, 4, 3, 4, 2, 3, 4, 3, 4, 2, 3, 4, 3, 1, 2, 3, 4, 3, 4, 2, 3, 4, 3, 2, 1, 2, 3, 4, 3, 4, 2, 3, 4, 3, 1, 2], [3, 4, 3, 2, 3, 4, 3, 4, 2, 3, 4, 1, 2, 3, 4, 3, 4, 2, 3, 4, 3, 1, 2, 3, 4, 3, 4, 2, 3, 4, 1, 2, 3, 4, 3, 2], [2, 3, 4, 3, 2, 1, 2, 3, 4, 3, 4, 2, 3, 4, 3, 2, 1, 2, 3, 4, 3, 4, 2, 3, 4, 3, 2, 1, 2, 3, 4, 3, 4, 2, 3, 4], [2, 3, 4, 3, 4, 2, 3, 1, 2, 3, 4, 3, 4, 2, 3, 4, 3, 2, 1, 2, 3, 4, 3, 4, 2, 3, 4, 3, 1, 2, 3, 4, 3, 4, 2, 3], [2, 3, 4, 3, 4, 2, 3, 4, 3, 2, 1, 2, 3, 4, 3, 4, 2, 3, 4, 3, 2, 1, 2, 3, 4, 3, 4, 2, 3, 4, 3, 1, 2, 3, 4, 3], [4, 3, 4, 3, 2, 3, 4, 3, 4, 2, 3, 4, 1, 2, 3, 4, 3, 4, 2, 3, 4, 3, 1, 2, 3, 4, 3, 4, 2, 3, 4, 1, 2, 3, 4, 3, 2], [3, 4, 2, 3, 4, 3, 2, 1, 2, 3, 4, 3, 4, 2, 3, 4, 3, 2, 1, 2, 3, 4, 3, 4, 2, 3, 4, 3, 2, 1, 2, 3, 4, 3, 4, 2, 3], [3, 4, 3, 4, 2, 3, 4, 3, 2, 1, 2, 3, 4, 3, 4, 2, 3, 4, 3, 2, 1, 2, 3, 4, 3, 4, 2, 3, 4, 3, 2, 1, 2, 3, 4, 3, 2], [3, 4, 3, 2, 3, 4, 3, 4, 2, 3, 4, 1, 2, 3, 4, 3, 4, 2, 3, 4, 3, 1, 2, 3, 4, 3, 4, 2, 3, 4, 1, 2, 3, 4, 3, 2, 1], [2, 3, 4, 3, 4, 2, 3, 4, 3, 2, 1, 2, 3, 4, 3, 4, 2, 3, 4, 3, 2, 1, 2, 3, 4, 3, 4, 2, 3, 4, 3, 1, 2, 3, 4, 3, 4], [2, 3, 4, 3, 2, 1, 2, 3, 4, 3, 4, 2, 3, 4, 3, 2, 1, 2, 3, 4, 3, 4, 2, 3, 4, 3, 2, 1, 2, 3, 4, 3, 4, 2, 3, 4, 3], [1, 2, 3, 4, 3, 4, 2, 3, 4, 3, 2, 1, 2, 3, 4, 3, 4, 2, 3, 4, 3, 2, 1, 2, 3, 4, 3, 4, 2, 3, 4, 3, 1, 2, 3, 4, 3], [4, 3, 4, 3, 2, 3, 4, 3, 4, 2, 3, 1, 2, 3, 4, 3, 4, 2, 3, 4, 3, 2, 1, 2, 3, 4, 3, 4, 2, 3, 4, 3, 1, 2, 3, 4, 3, 4], [4, 3, 4, 2, 3, 4, 3, 2, 1, 2, 3, 4, 3, 4, 2, 3, 4, 3, 2, 1, 2, 3, 4, 3, 4, 2, 3, 4, 3, 2, 1, 2, 3, 4, 3, 4, 2, 3], [4, 3, 4, 3, 2, 3, 4, 3, 4, 2, 3, 4, 1, 2, 3, 4, 3, 4, 2, 3, 4, 3, 1, 2, 3, 4, 3, 4, 2, 3, 4, 1, 2, 3, 4, 3, 2, 1], [3, 4, 2, 3, 4, 3, 2, 1, 2, 3, 4, 3, 4, 2, 3, 4, 3, 2, 1, 2, 3, 4, 3, 4, 2, 3, 4, 3, 2, 1, 2, 3, 4, 3, 4, 2, 3, 4], [2, 3, 4, 3, 4, 2, 3, 4, 3, 2, 1, 2, 3, 4, 3, 4, 2, 3, 4, 3, 2, 1, 2, 3, 4, 3, 4, 2, 3, 4, 3, 2, 1, 2, 3, 4, 3, 2], [2, 3, 4, 3, 4, 2, 3, 1, 2, 3, 4, 3, 4, 2, 3, 4, 3, 2, 1, 2, 3, 4, 3, 4, 2, 3, 4, 3, 1, 2, 3, 4, 3, 4, 2, 3, 1, 2], [2, 3, 4, 3, 2, 1, 2, 3, 4, 3, 4, 2, 3, 4, 3, 2, 1, 2, 3, 4, 3, 4, 2, 3, 4, 3, 2, 1, 2, 3, 4, 3, 4, 2, 3, 4, 3, 2], [1, 2, 3, 4, 3, 4, 2, 3, 4, 3, 2, 1, 2, 3, 4, 3, 4, 2, 3, 4, 3, 2, 1, 2, 3, 4, 3, 4, 2, 3, 4, 3, 1, 2, 3, 4, 3, 4], [4, 3, 4, 2, 3, 4, 3, 2, 1, 2, 3, 4, 3, 4, 2, 3, 4, 3, 2, 1, 2, 3, 4, 3, 4, 2, 3, 4, 3, 2, 1, 2, 3, 4, 3, 4, 2, 3, 4], [3, 4, 3, 4, 2, 3, 4, 3, 4, 2, 3, 4, 3, 1, 2, 3, 4, 3, 4, 2, 3, 4, 3, 2, 1, 2, 3, 4, 3, 4, 2, 3, 4, 3, 1, 2, 3, 4, 3], [3, 4, 3, 2, 3, 4, 3, 4, 2, 3, 1, 2, 3, 4, 3, 4, 2, 3, 4, 3, 2, 1, 2, 3, 4, 3, 4, 2, 3, 4, 3, 1, 2, 3, 4, 3, 4, 2, 3], [3, 4, 3, 4, 2, 3, 4, 3, 2, 1, 2, 3, 4, 3, 4, 2, 3, 4, 3, 2, 1, 2, 3, 4, 3, 4, 2, 3, 4, 3, 2, 1, 2, 3, 4, 3, 4, 2, 3], [3, 4, 2, 3, 4, 3, 2, 1, 2, 3, 4, 3, 4, 2, 3, 4, 3, 2, 1, 2, 3, 4, 3, 4, 2, 3, 4, 3, 2, 1, 2, 3, 4, 3, 4, 2, 3, 4, 3], [2, 3, 4, 3, 2, 1, 2, 3, 4, 3, 4, 2, 3, 4, 3, 2, 1, 2, 3, 4, 3, 4, 2, 3, 4, 3, 2, 1, 2, 3, 4, 3, 4, 2, 3, 4, 3, 2, 1], [1, 2, 3, 4, 3, 4, 2, 3, 4, 3, 2, 1, 2, 3, 4, 3, 4, 2, 3, 4, 3, 2, 1, 2, 3, 4, 3, 4, 2, 3, 4, 3, 2, 1, 2, 3, 4, 3, 2], [4, 3, 4, 3, 2, 3, 4, 3, 4, 2, 3, 1, 2, 3, 4, 3, 4, 2, 3, 4, 3, 2, 1, 2, 3, 4, 3, 4, 2, 3, 4, 3, 1, 2, 3, 4, 3, 4, 2, 3], [4, 3, 4, 2, 3, 4, 3, 2, 1, 2, 3, 4, 3, 4, 2, 3, 4, 3, 2, 1, 2, 3, 4, 3, 4, 2, 3, 4, 3, 2, 1, 2, 3, 4, 3, 4, 2, 3, 4, 3], [3, 4, 3, 4, 2, 3, 4, 3, 4, 2, 3, 4, 3, 1, 2, 3, 4, 3, 4, 2, 3, 4, 3, 2, 1, 2, 3, 4, 3, 4, 2, 3, 4, 3, 1, 2, 3, 4, 3, 4], [3, 4, 3, 4, 2, 3, 4, 3, 2, 1, 2, 3, 4, 3, 4, 2, 3, 4, 3, 2, 1, 2, 3, 4, 3, 4, 2, 3, 4, 3, 2, 1, 2, 3, 4, 3, 4, 2, 3, 4], [3, 4, 2, 3, 4, 3, 2, 1, 2, 3, 4, 3, 4, 2, 3, 4, 3, 2, 1, 2, 3, 4, 3, 4, 2, 3, 4, 3, 2, 1, 2, 3, 4, 3, 4, 2, 3, 4, 3, 2], [2, 3, 4, 3, 4, 2, 3, 4, 3, 2, 1, 2, 3, 4, 3, 4, 2, 3, 4, 3, 2, 1, 2, 3, 4, 3, 4, 2, 3, 4, 3, 2, 1, 2, 3, 4, 3, 4, 2, 3], [4, 3, 4, 2, 3, 4, 3, 2, 1, 2, 3, 4, 3, 4, 2, 3, 4, 3, 2, 1, 2, 3, 4, 3, 4, 2, 3, 4, 3, 2, 1, 2, 3, 4, 3, 4, 2, 3, 4, 3, 2], [3, 4, 3, 4, 2, 3, 4, 3, 2, 1, 2, 3, 4, 3, 4, 2, 3, 4, 3, 2, 1, 2, 3, 4, 3, 4, 2, 3, 4, 3, 2, 1, 2, 3, 4, 3, 4, 2, 3, 4, 3], [3, 4, 3, 2, 3, 4, 3, 4, 2, 3, 1, 2, 3, 4, 3, 4, 2, 3, 4, 3, 2, 1, 2, 3, 4, 3, 4, 2, 3, 4, 3, 1, 2, 3, 4, 3, 4, 2, 3, 1, 2], [3, 4, 2, 3, 4, 3, 2, 1, 2, 3, 4, 3, 4, 2, 3, 4, 3, 2, 1, 2, 3, 4, 3, 4, 2, 3, 4, 3, 2, 1, 2, 3, 4, 3, 4, 2, 3, 4, 3, 2, 1], [2, 3, 4, 3, 4, 2, 3, 4, 3, 2, 1, 2, 3, 4, 3, 4, 2, 3, 4, 3, 2, 1, 2, 3, 4, 3, 4, 2, 3, 4, 3, 2, 1, 2, 3, 4, 3, 4, 2, 3, 4], [2, 3, 4, 3, 4, 2, 3, 1, 2, 3, 4, 3, 4, 2, 3, 4, 3, 2, 1, 2, 3, 4, 3, 4, 2, 3, 4, 3, 2, 1, 2, 3, 4, 3, 4, 2, 3, 4, 1, 2, 3], [1, 2, 3, 4, 3, 4, 2, 3, 4, 3, 2, 1, 2, 3, 4, 3, 4, 2, 3, 4, 3, 2, 1, 2, 3, 4, 3, 4, 2, 3, 4, 3, 2, 1, 2, 3, 4, 3, 4, 2, 3], [4, 3, 4, 3, 2, 3, 4, 3, 4, 2, 3, 1, 2, 3, 4, 3, 4, 2, 3, 4, 3, 2, 1, 2, 3, 4, 3, 4, 2, 3, 4, 3, 2, 1, 2, 3, 4, 3, 4, 2, 3, 4], [4, 3, 4, 3, 2, 3, 4, 3, 4, 2, 3, 1, 2, 3, 4, 3, 4, 2, 3, 4, 3, 2, 1, 2, 3, 4, 3, 4, 2, 3, 4, 3, 1, 2, 3, 4, 3, 4, 2, 3, 1, 2], [4, 3, 4, 2, 3, 4, 3, 2, 1, 2, 3, 4, 3, 4, 2, 3, 4, 3, 2, 1, 2, 3, 4, 3, 4, 2, 3, 4, 3, 2, 1, 2, 3, 4, 3, 4, 2, 3, 4, 3, 2, 1], [3, 4, 3, 4, 2, 3, 4, 3, 4, 2, 3, 4, 3, 1, 2, 3, 4, 3, 4, 2, 3, 4, 3, 2, 1, 2, 3, 4, 3, 4, 2, 3, 4, 3, 1, 2, 3, 4, 3, 4, 2, 3], [3, 4, 3, 4, 2, 3, 4, 3, 2, 1, 2, 3, 4, 3, 4, 2, 3, 4, 3, 2, 1, 2, 3, 4, 3, 4, 2, 3, 4, 3, 2, 1, 2, 3, 4, 3, 4, 2, 3, 4, 3, 2], [2, 3, 4, 3, 4, 2, 3, 1, 2, 3, 4, 3, 4, 2, 3, 4, 3, 2, 1, 2, 3, 4, 3, 4, 2, 3, 4, 3, 2, 1, 2, 3, 4, 3, 4, 2, 3, 4, 1, 2, 3, 4], [2, 3, 4, 3, 4, 2, 3, 4, 3, 2, 1, 2, 3, 4, 3, 4, 2, 3, 4, 3, 2, 1, 2, 3, 4, 3, 4, 2, 3, 4, 3, 2, 1, 2, 3, 4, 3, 4, 2, 3, 4, 3], [1, 2, 3, 4, 3, 4, 2, 3, 4, 3, 2, 1, 2, 3, 4, 3, 4, 2, 3, 4, 3, 2, 1, 2, 3, 4, 3, 4, 2, 3, 4, 3, 2, 1, 2, 3, 4, 3, 4, 2, 3, 4], [3, 4, 3, 4, 2, 3, 4, 3, 2, 1, 2, 3, 4, 3, 4, 2, 3, 4, 3, 2, 1, 2, 3, 4, 3, 4, 2, 3, 4, 3, 2, 1, 2, 3, 4, 3, 4, 2, 3, 4, 3, 2, 1], [2, 3, 4, 3, 4, 2, 3, 4, 3, 2, 1, 2, 3, 4, 3, 4, 2, 3, 4, 3, 2, 1, 2, 3, 4, 3, 4, 2, 3, 4, 3, 2, 1, 2, 3, 4, 3, 4, 2, 3, 4, 3, 2], [1, 2, 3, 4, 3, 4, 2, 3, 4, 3, 2, 1, 2, 3, 4, 3, 4, 2, 3, 4, 3, 2, 1, 2, 3, 4, 3, 4, 2, 3, 4, 3, 2, 1, 2, 3, 4, 3, 4, 2, 3, 4, 3], [4, 3, 4, 3, 2, 3, 4, 3, 4, 2, 3, 4, 1, 2, 3, 4, 3, 4, 2, 3, 4, 3, 2, 1, 2, 3, 4, 3, 4, 2, 3, 4, 3, 2, 1, 2, 3, 4, 3, 4, 2, 3, 4, 3], [3, 4, 3, 4, 2, 3, 4, 3, 4, 2, 3, 4, 3, 1, 2, 3, 4, 3, 4, 2, 3, 4, 3, 2, 1, 2, 3, 4, 3, 4, 2, 3, 4, 3, 2, 1, 2, 3, 4, 3, 4, 2, 3, 4], [3, 4, 3, 2, 3, 4, 3, 4, 2, 3, 1, 2, 3, 4, 3, 4, 2, 3, 4, 3, 2, 1, 2, 3, 4, 3, 4, 2, 3, 4, 3, 2, 1, 2, 3, 4, 3, 4, 2, 3, 4, 1, 2, 3], [3, 4, 3, 4, 2, 3, 4, 3, 4, 2, 3, 4, 3, 1, 2, 3, 4, 3, 4, 2, 3, 4, 3, 2, 1, 2, 3, 4, 3, 4, 2, 3, 4, 3, 1, 2, 3, 4, 3, 4, 2, 3, 1, 2], [2, 3, 4, 3, 4, 2, 3, 1, 2, 3, 4, 3, 4, 2, 3, 4, 3, 2, 1, 2, 3, 4, 3, 4, 2, 3, 4, 3, 2, 1, 2, 3, 4, 3, 4, 2, 3, 4, 3, 1, 2, 3, 4, 3], [2, 3, 4, 3, 4, 2, 3, 4, 3, 2, 1, 2, 3, 4, 3, 4, 2, 3, 4, 3, 2, 1, 2, 3, 4, 3, 4, 2, 3, 4, 3, 2, 1, 2, 3, 4, 3, 4, 2, 3, 4, 3, 2, 1], [1, 2, 3, 4, 3, 4, 2, 3, 4, 3, 2, 1, 2, 3, 4, 3, 4, 2, 3, 4, 3, 2, 1, 2, 3, 4, 3, 4, 2, 3, 4, 3, 2, 1, 2, 3, 4, 3, 4, 2, 3, 4, 3, 2], [4, 3, 4, 3, 2, 3, 4, 3, 4, 2, 3, 1, 2, 3, 4, 3, 4, 2, 3, 4, 3, 2, 1, 2, 3, 4, 3, 4, 2, 3, 4, 3, 2, 1, 2, 3, 4, 3, 4, 2, 3, 4, 1, 2, 3], [3, 4, 3, 2, 3, 4, 3, 4, 2, 3, 1, 2, 3, 4, 3, 4, 2, 3, 4, 3, 2, 1, 2, 3, 4, 3, 4, 2, 3, 4, 3, 2, 1, 2, 3, 4, 3, 4, 2, 3, 4, 1, 2, 3, 4], [1, 2, 3, 4, 3, 4, 2, 3, 4, 3, 2, 1, 2, 3, 4, 3, 4, 2, 3, 4, 3, 2, 1, 2, 3, 4, 3, 4, 2, 3, 4, 3, 2, 1, 2, 3, 4, 3, 4, 2, 3, 4, 3, 2, 1], [4, 3, 4, 3, 2, 3, 4, 3, 4, 2, 3, 1, 2, 3, 4, 3, 4, 2, 3, 4, 3, 2, 1, 2, 3, 4, 3, 4, 2, 3, 4, 3, 2, 1, 2, 3, 4, 3, 4, 2, 3, 4, 1, 2, 3, 4], [4, 3, 4, 3, 2, 3, 4, 3, 4, 2, 3, 4, 1, 2, 3, 4, 3, 4, 2, 3, 4, 3, 2, 1, 2, 3, 4, 3, 4, 2, 3, 4, 3, 2, 1, 2, 3, 4, 3, 4, 2, 3, 4, 3, 1, 2], [2, 3, 4, 3, 4, 2, 3, 4, 1, 2, 3, 4, 3, 4, 2, 3, 4, 3, 2, 1, 2, 3, 4, 3, 4, 2, 3, 4, 3, 2, 1, 2, 3, 4, 3, 4, 2, 3, 4, 3, 1, 2, 3, 4, 3, 4], [2, 3, 4, 3, 4, 2, 3, 1, 2, 3, 4, 3, 4, 2, 3, 4, 3, 2, 1, 2, 3, 4, 3, 4, 2, 3, 4, 3, 2, 1, 2, 3, 4, 3, 4, 2, 3, 4, 3, 2, 1, 2, 3, 4, 3, 2], [3, 4, 3, 4, 2, 3, 4, 3, 4, 2, 3, 4, 3, 1, 2, 3, 4, 3, 4, 2, 3, 4, 3, 2, 1, 2, 3, 4, 3, 4, 2, 3, 4, 3, 2, 1, 2, 3, 4, 3, 4, 2, 3, 4, 1, 2, 3], [3, 4, 3, 2, 3, 4, 3, 4, 2, 3, 1, 2, 3, 4, 3, 4, 2, 3, 4, 3, 2, 1, 2, 3, 4, 3, 4, 2, 3, 4, 3, 2, 1, 2, 3, 4, 3, 4, 2, 3, 4, 3, 1, 2, 3, 4, 3], [4, 3, 4, 3, 2, 3, 4, 3, 4, 2, 3, 1, 2, 3, 4, 3, 4, 2, 3, 4, 3, 2, 1, 2, 3, 4, 3, 4, 2, 3, 4, 3, 2, 1, 2, 3, 4, 3, 4, 2, 3, 4, 3, 1, 2, 3, 4, 3], [3, 4, 3, 4, 2, 3, 4, 3, 4, 2, 3, 4, 3, 1, 2, 3, 4, 3, 4, 2, 3, 4, 3, 2, 1, 2, 3, 4, 3, 4, 2, 3, 4, 3, 2, 1, 2, 3, 4, 3, 4, 2, 3, 4, 1, 2, 3, 4], [4, 3, 4, 3, 2, 3, 4, 3, 4, 2, 3, 4, 1, 2, 3, 4, 3, 4, 2, 3, 4, 3, 2, 1, 2, 3, 4, 3, 4, 2, 3, 4, 3, 2, 1, 2, 3, 4, 3, 4, 2, 3, 4, 3, 1, 2, 3, 4, 3], [3, 4, 3, 2, 3, 4, 3, 4, 2, 3, 4, 1, 2, 3, 4, 3, 4, 2, 3, 4, 3, 2, 1, 2, 3, 4, 3, 4, 2, 3, 4, 3, 2, 1, 2, 3, 4, 3, 4, 2, 3, 4, 3, 1, 2, 3, 4, 3, 4], [3, 4, 3, 2, 3, 4, 3, 4, 2, 3, 1, 2, 3, 4, 3, 4, 2, 3, 4, 3, 2, 1, 2, 3, 4, 3, 4, 2, 3, 4, 3, 2, 1, 2, 3, 4, 3, 4, 2, 3, 4, 3, 2, 1, 2, 3, 4, 3, 2], [2, 3, 4, 3, 4, 2, 3, 4, 1, 2, 3, 4, 3, 4, 2, 3, 4, 3, 2, 1, 2, 3, 4, 3, 4, 2, 3, 4, 3, 2, 1, 2, 3, 4, 3, 4, 2, 3, 4, 3, 2, 1, 2, 3, 4, 3, 4, 2, 3], [4, 3, 4, 3, 2, 3, 4, 3, 4, 2, 3, 4, 1, 2, 3, 4, 3, 4, 2, 3, 4, 3, 2, 1, 2, 3, 4, 3, 4, 2, 3, 4, 3, 2, 1, 2, 3, 4, 3, 4, 2, 3, 4, 3, 1, 2, 3, 4, 3, 4], [4, 3, 4, 3, 2, 3, 4, 3, 4, 2, 3, 1, 2, 3, 4, 3, 4, 2, 3, 4, 3, 2, 1, 2, 3, 4, 3, 4, 2, 3, 4, 3, 2, 1, 2, 3, 4, 3, 4, 2, 3, 4, 3, 2, 1, 2, 3, 4, 3, 2], [3, 4, 3, 4, 2, 3, 4, 3, 4, 2, 3, 4, 3, 1, 2, 3, 4, 3, 4, 2, 3, 4, 3, 2, 1, 2, 3, 4, 3, 4, 2, 3, 4, 3, 2, 1, 2, 3, 4, 3, 4, 2, 3, 4, 3, 1, 2, 3, 4, 3], [2, 3, 4, 3, 4, 2, 3, 4, 1, 2, 3, 4, 3, 4, 2, 3, 4, 3, 2, 1, 2, 3, 4, 3, 4, 2, 3, 4, 3, 2, 1, 2, 3, 4, 3, 4, 2, 3, 4, 3, 2, 1, 2, 3, 4, 3, 4, 2, 3, 4], [3, 4, 3, 2, 3, 4, 3, 4, 2, 3, 4, 1, 2, 3, 4, 3, 4, 2, 3, 4, 3, 2, 1, 2, 3, 4, 3, 4, 2, 3, 4, 3, 2, 1, 2, 3, 4, 3, 4, 2, 3, 4, 3, 2, 1, 2, 3, 4, 3, 4, 2, 3], [3, 4, 3, 4, 2, 3, 4, 3, 4, 2, 3, 4, 3, 1, 2, 3, 4, 3, 4, 2, 3, 4, 3, 2, 1, 2, 3, 4, 3, 4, 2, 3, 4, 3, 2, 1, 2, 3, 4, 3, 4, 2, 3, 4, 3, 2, 1, 2, 3, 4, 3, 2], [2, 3, 4, 3, 4, 2, 3, 4, 3, 1, 2, 3, 4, 3, 4, 2, 3, 4, 3, 2, 1, 2, 3, 4, 3, 4, 2, 3, 4, 3, 2, 1, 2, 3, 4, 3, 4, 2, 3, 4, 3, 2, 1, 2, 3, 4, 3, 4, 2, 3, 4, 3], [4, 3, 4, 3, 2, 3, 4, 3, 4, 2, 3, 4, 1, 2, 3, 4, 3, 4, 2, 3, 4, 3, 2, 1, 2, 3, 4, 3, 4, 2, 3, 4, 3, 2, 1, 2, 3, 4, 3, 4, 2, 3, 4, 3, 2, 1, 2, 3, 4, 3, 4, 2, 3], [3, 4, 3, 2, 3, 4, 3, 4, 2, 3, 4, 1, 2, 3, 4, 3, 4, 2, 3, 4, 3, 2, 1, 2, 3, 4, 3, 4, 2, 3, 4, 3, 2, 1, 2, 3, 4, 3, 4, 2, 3, 4, 3, 2, 1, 2, 3, 4, 3, 4, 2, 3, 4], [4, 3, 4, 3, 2, 3, 4, 3, 4, 2, 3, 4, 1, 2, 3, 4, 3, 4, 2, 3, 4, 3, 2, 1, 2, 3, 4, 3, 4, 2, 3, 4, 3, 2, 1, 2, 3, 4, 3, 4, 2, 3, 4, 3, 2, 1, 2, 3, 4, 3, 4, 2, 3, 4], [2, 3, 4, 3, 4, 2, 3, 4, 3, 2, 1, 2, 3, 4, 3, 4, 2, 3, 4, 3, 2, 1, 2, 3, 4, 3, 4, 2, 3, 4, 3, 2, 1, 2, 3, 4, 3, 4, 2, 3, 4, 3, 2, 1, 2, 3, 4, 3, 4, 2, 3, 4, 3, 2], [3, 4, 3, 4, 2, 3, 4, 3, 4, 2, 3, 4, 3, 1, 2, 3, 4, 3, 4, 2, 3, 4, 3, 2, 1, 2, 3, 4, 3, 4, 2, 3, 4, 3, 2, 1, 2, 3, 4, 3, 4, 2, 3, 4, 3, 2, 1, 2, 3, 4, 3, 4, 2, 3, 4, 3]]
dissectors = [x for x in join_irreducibles]