| e |

| 4   	| 34 	| 234	| 1234 |
| 43  	| 3  	| 23 	| 123  |
| 432 	| 32 	| 2  	| 12   |
| 4321	| 321	| 21 	| 1    |

| 42   	| 342   	| 412 	| 3412 	| 23412  |
| 423  	| 3423  	| 4123	| 34123	| 234123 |
| 421  	| 3421  	| 41  	| 341  	| 2341   |
| 4231 	| 34231 	| 431 	| 31   	| 231    |
| 42312	| 342312	| 4312	| 312  	| 2312   |

| 343    	| 23423	| 2343  	| 1234123	| 123423	| 12343   |
| 34232  	| 232  	| 4232  	| 12312  	| 1232  	| 41232   |
| 3432   	| 2342 	| 23432 	| 123412 	| 12342 	| 123432  |
| 3423121	| 23121	| 423121	| 121    	| 3121  	| 43121   |
| 342321 	| 2321 	| 42321 	| 1231   	| 12321 	| 412321  |
| 34321  	| 23421	| 234321	| 12341  	| 123421	| 1234321 |

| 3431   	| 123431 	| 23431   	| 1234231 	| 234231   |
| 343121 	| 4121   	| 2343121 	| 34121   	| 234121   |
| 34312  	| 1234312	| 234312  	| 12342312	| 2342312  |
| 3412321	| 41231  	| 23412321	| 341231  	| 2341231  |
| 341232 	| 412312 	| 2341232 	| 3412312 	| 23412312 |

| 234232   	| 123412312	| 1234232  	| 12341232  |
| 234123121	| 123121   	| 34123121 	| 4123121   |
| 2342321  	| 12341231 	| 12342321 	| 123412321 |
| 23423121 	| 1234121  	| 123423121	| 12343121  |

| 1234123121 |