| e |

| 5    	| 45  	| 345	| 2345	| 12345 |
| 54   	| 4   	| 34 	| 234 	| 1234  |
| 543  	| 43  	| 3  	| 23  	| 123   |
| 5432 	| 432 	| 32 	| 2   	| 12    |
| 54321	| 4321	| 321	| 21  	| 1     |

| 53     	| 453     	| 523   	| 4523 	| 34523 	| 5123 	| 45123 	| 345123 	| 2345123  |
| 534    	| 4534    	| 5234  	| 45234	| 345234	| 51234	| 451234	| 3451234	| 23451234 |
| 532    	| 4532    	| 52    	| 452  	| 3452  	| 512  	| 4512  	| 34512  	| 234512   |
| 5342   	| 45342   	| 542   	| 42   	| 342   	| 5412 	| 412   	| 3412   	| 23412    |
| 53423  	| 453423  	| 5423  	| 423  	| 3423  	| 54123	| 4123  	| 34123  	| 234123   |
| 5321   	| 45321   	| 521   	| 4521 	| 34521 	| 51   	| 451   	| 3451   	| 23451    |
| 53421  	| 453421  	| 5421  	| 421  	| 3421  	| 541  	| 41    	| 341    	| 2341     |
| 534231 	| 4534231 	| 54231 	| 4231 	| 34231 	| 5431 	| 431   	| 31     	| 231      |
| 5342312	| 45342312	| 542312	| 42312	| 342312	| 54312	| 4312  	| 312    	| 2312     |

| 454      	| 34534  	| 3454    	| 2345234	| 234534 	| 23454   	| 123451234	| 12345234	| 1234534 	| 123454    |
| 45343    	| 343    	| 5343    	| 23423  	| 2343   	| 52343   	| 1234123  	| 123423  	| 12343   	| 512343    |
| 4543     	| 3453   	| 34543   	| 234523 	| 23453  	| 234543  	| 12345123 	| 1234523 	| 123453  	| 1234543   |
| 4534232  	| 34232  	| 534232  	| 232    	| 4232   	| 54232   	| 12312    	| 1232    	| 41232   	| 541232    |
| 453432   	| 3432   	| 53432   	| 2342   	| 23432  	| 523432  	| 123412   	| 12342   	| 123432  	| 5123432   |
| 45432    	| 34532  	| 345432  	| 23452  	| 234532 	| 2345432 	| 1234512  	| 123452  	| 1234532 	| 12345432  |
| 453423121	| 3423121	| 53423121	| 23121  	| 423121 	| 5423121 	| 121      	| 3121    	| 43121   	| 543121    |
| 45342321 	| 342321 	| 5342321 	| 2321   	| 42321  	| 542321  	| 1231     	| 12321   	| 412321  	| 5412321   |
| 4534321  	| 34321  	| 534321  	| 23421  	| 234321 	| 5234321 	| 12341    	| 123421  	| 1234321 	| 51234321  |
| 454321   	| 345321 	| 3454321 	| 234521 	| 2345321	| 23454321	| 123451   	| 1234521 	| 12345321	| 123454321 |

| 4542      	| 234542   	| 34542      	| 2345342   	| 345342     	| 45412    	| 3453412  	| 345412    	| 12345412 	| 123453412 	| 23453412  	| 2345412    	| 1234542   	| 1234523412 	| 234523412  	| 12345342    |
| 454232    	| 5232     	| 3454232    	| 45232     	| 345232     	| 4541232  	| 3451232  	| 34541232  	| 512312   	| 4512312   	| 23451232  	| 234541232  	| 51232     	| 34512312   	| 234512312  	| 451232      |
| 45423     	| 2345423  	| 345423     	| 23453423  	| 3453423    	| 454123   	| 34534123 	| 3454123   	| 123454123	| 1234534123	| 234534123 	| 23454123   	| 12345423  	| 12345234123	| 2345234123 	| 123453423   |
| 4523432   	| 52342    	| 34523432   	| 452342    	| 3452342    	| 45123432 	| 34512342 	| 345123432 	| 5123412  	| 45123412  	| 234512342 	| 2345123432 	| 512342    	| 345123412  	| 2345123412 	| 4512342     |
| 452343    	| 523423   	| 3452343    	| 4523423   	| 34523423   	| 4512343  	| 345123423	| 34512343  	| 51234123 	| 451234123 	| 2345123423	| 234512343  	| 5123423   	| 3451234123 	| 23451234123	| 45123423    |
| 45421     	| 2345421  	| 345421     	| 23453421  	| 3453421    	| 4541     	| 345341   	| 34541     	| 1234541  	| 12345341  	| 2345341   	| 234541     	| 12345421  	| 123452341  	| 23452341   	| 123453421   |
| 4523431   	| 5234231  	| 34523431   	| 45234231  	| 345234231  	| 453431   	| 3431     	| 53431     	| 5123431  	| 123431    	| 23431     	| 523431     	| 51234231  	| 1234231    	| 234231     	| 451234231   |
| 454231    	| 23454231 	| 3454231    	| 234534231 	| 34534231   	| 45431    	| 34531    	| 345431    	| 12345431 	| 1234531   	| 234531    	| 2345431    	| 123454231 	| 12345231   	| 2345231    	| 1234534231  |
| 45423121  	| 523121   	| 345423121  	| 4523121   	| 34523121   	| 4543121  	| 3453121  	| 34543121  	| 5121     	| 45121     	| 23453121  	| 234543121  	| 53121     	| 345121     	| 2345121    	| 453121      |
| 452343121 	| 5234121  	| 3452343121 	| 45234121  	| 345234121  	| 45343121 	| 343121   	| 5343121   	| 54121    	| 4121      	| 2343121   	| 52343121   	| 534121    	| 34121      	| 234121     	| 4534121     |
| 45234312  	| 52342312 	| 345234312  	| 452342312 	| 3452342312 	| 4534312  	| 34312    	| 534312    	| 51234312 	| 1234312   	| 234312    	| 5234312    	| 512342312 	| 12342312   	| 2342312    	| 4512342312  |
| 4542312   	| 234542312	| 34542312   	| 2345342312	| 345342312  	| 454312   	| 345312   	| 3454312   	| 123454312	| 12345312  	| 2345312   	| 23454312   	| 1234542312	| 123452312  	| 23452312   	| 12345342312 |
| 4542321   	| 52321    	| 34542321   	| 452321    	| 3452321    	| 45412321 	| 34512321 	| 345412321 	| 51231    	| 451231    	| 234512321 	| 2345412321 	| 512321    	| 3451231    	| 23451231   	| 4512321     |
| 4523412321	| 52341231 	| 34523412321	| 452341231 	| 3452341231 	| 453412321	| 3412321  	| 53412321  	| 541231   	| 41231     	| 23412321  	| 523412321  	| 5341231   	| 341231     	| 2341231    	| 45341231    |
| 452341232 	| 523412312	| 3452341232 	| 4523412312	| 34523412312	| 45341232 	| 341232   	| 5341232   	| 5412312  	| 412312    	| 2341232   	| 52341232   	| 53412312  	| 3412312    	| 23412312   	| 453412312   |
| 45234321  	| 523421   	| 345234321  	| 4523421   	| 34523421   	| 451234321	| 345123421	| 3451234321	| 512341   	| 4512341   	| 2345123421	| 23451234321	| 5123421   	| 34512341   	| 234512341  	| 45123421    |

| 345343      	| 234523423	| 2345343    	| 23452343  	| 123451234123	| 1234523423	| 12345123423	| 12345343    	| 123452343  	| 1234512343   |
| 345234232   	| 234232   	| 45234232   	| 5234232   	| 123412312   	| 1234232   	| 12341232   	| 451234232   	| 51234232   	| 512341232    |
| 3453432     	| 23452342 	| 23453432   	| 234523432 	| 12345123412 	| 123452342 	| 1234512342 	| 123453432   	| 1234523432 	| 12345123432  |
| 34534232    	| 2345232  	| 234534232  	| 23454232  	| 1234512312  	| 12345232  	| 123451232  	| 1234534232  	| 123454232  	| 1234541232   |
| 345234123121	| 234123121	| 45234123121	| 5234123121	| 123121      	| 34123121  	| 4123121    	| 4534123121  	| 534123121  	| 54123121     |
| 3452342321  	| 2342321  	| 452342321  	| 52342321  	| 12341231    	| 12342321  	| 123412321  	| 4512342321  	| 512342321  	| 5123412321   |
| 34523423121 	| 23423121 	| 4523423121 	| 523423121 	| 1234121     	| 123423121 	| 12343121   	| 45123423121 	| 5123423121 	| 512343121    |
| 34534321    	| 234523421	| 234534321  	| 2345234321	| 1234512341  	| 1234523421	| 12345123421	| 1234534321  	| 12345234321	| 123451234321 |
| 345342321   	| 23452321 	| 2345342321 	| 234542321 	| 123451231   	| 123452321 	| 1234512321 	| 12345342321 	| 1234542321 	| 12345412321  |
| 3453423121  	| 234523121	| 23453423121	| 2345423121	| 12345121    	| 1234523121	| 123453121  	| 123453423121	| 12345423121	| 1234543121   |

| 531   	| 4531   	| 5231   	| 45231   	| 345231    |
| 5341  	| 45341  	| 52341  	| 452341  	| 3452341   |
| 5312  	| 45312  	| 52312  	| 452312  	| 3452312   |
| 53412 	| 453412 	| 523412 	| 4523412 	| 34523412  |
| 534123	| 4534123	| 5234123	| 45234123	| 345234123 |

| 3453431     	| 23453431     	| 12345123431 	| 234523431    	| 123451234231 	| 12345234231  	| 2345234231   	| 123453431   	| 1234523431    |
| 34534312    	| 234534312    	| 123451234312	| 2345234312   	| 1234512342312	| 123452342312 	| 23452342312  	| 1234534312  	| 12345234312   |
| 34534123121 	| 234534123121 	| 5123121     	| 23454123121  	| 45123121     	| 345123121    	| 2345123121   	| 454123121   	| 3454123121    |
| 345341232   	| 2345341232   	| 12345412312 	| 23452341232  	| 123453412312 	| 1234523412312	| 234523412312 	| 12345341232 	| 123452341232  |
| 345123423121	| 2345123423121	| 51234121    	| 234512343121 	| 451234121    	| 3451234121   	| 23451234121  	| 4512343121  	| 34512343121   |
| 34512342321 	| 234512342321 	| 512341231   	| 2345123412321	| 4512341231   	| 34512341231  	| 234512341231 	| 45123412321 	| 345123412321  |
| 3451234232  	| 23451234232  	| 5123412312  	| 234512341232 	| 45123412312  	| 345123412312 	| 2345123412312	| 4512341232  	| 34512341232   |
| 345343121   	| 2345343121   	| 123454121   	| 23452343121  	| 1234534121   	| 12345234121  	| 2345234121   	| 12345343121 	| 123452343121  |
| 3453412321  	| 23453412321  	| 1234541231  	| 234523412321 	| 12345341231  	| 123452341231 	| 23452341231  	| 123453412321	| 1234523412321 |

| 454121   	| 3454121   	| 23454121   	| 34534121   	| 234534121    |
| 4541231  	| 34541231  	| 234541231  	| 345341231  	| 2345341231   |
| 45412312 	| 345412312 	| 2345412312 	| 3453412312 	| 23453412312  |
| 45123431 	| 345123431 	| 2345123431 	| 3451234231 	| 23451234231  |
| 451234312	| 3451234312	| 23451234312	| 34512342312	| 234512342312 |

| 2345234232    	| 12345123412312	| 12345234232   	| 1234512341232 	| 123451234232   |
| 23451234123121	| 1234123121    	| 3451234123121 	| 51234123121   	| 451234123121   |
| 23452342321   	| 1234512341231 	| 123452342321  	| 12345123412321	| 1234512342321  |
| 2345234123121 	| 12345123121   	| 12345234123121	| 123454123121  	| 1234534123121  |
| 234523423121  	| 123451234121  	| 1234523423121 	| 1234512343121 	| 12345123423121 |

| 123451234123121 |